5587
12658
19150
29219
42210
54884
65566
76368
85990
100116
113784
121984
129066
146950
162453
169775
185841
204304
211467
233234
259544
271450
296168
322930
337571
369409
409802
433893
449073
473041
501192
520314
531407
557895
570979
587943
606304
619757
639400
653705
667410
684554
691405
697948
711260
722664
733589
745973
761870
791987
806008
818870
828973
836144
863691
876317
883700
902855
921208
946258
967972
1028807
1050103
1063866
1076550
1087939
1098182
1115229
1132287
1150683
1166672
1189667
1200555
1212689
1253980
1272275
1298541
1306924
1322761
1347187
1368428
1383739
1397503
1428869
1449580
1512104
1525247
1562885
1574838
1604638
1633260
1664777
1676360
1706323
1719507
1730043
1755648
1771815
1787561
1800188
1811462
1840228
1905865
1919648
1933041
1958456
1974228
1990241
2009594
2039583
2059459
2076342
2089703
2123957
2153671
2169352
2183296
2198749
2221424
2232981
2265316
2281501
2293625
2315216
2336283
2368729
2394512
2407917
2426158
2447040
2463268
2472113
2492058
2525925
2543699
2556084
2591453
2615276
2623410
2637791
2670756
2687260
2709129
2755346
2790152
2826953
2843025
2849160
2867739
2885967
2916343
2937671
2943843
2956216
2971369
2989838
3007564
3022454
3045379
3072621
3086258
3103869
3113048
3125144
3178993
3210539
3225894
3255639
3274462
3290028
3313102
3331190
3345843
3376001
3406763
3420908
3435798
3507095
3547294
3556094
3575736
3596371
3612328
3629790
3665336
3705089
3727578
3797108
3819157
3844032
3858515
3888451
3895384
3910156
3933145
3947461
4015971
4045854
4074806
4089208
4112288
4130752
4142483
4170976
4186094
4198729
4211282
4227766
4245027
4260093
4281957
4304351
4324016
4381156
4413894
4439913
4465625
4529658
4545044
4572261
4598783
4647066
4675014
4698417
4714077
4727692
4742003
4748501
4795966
4849447
4883957
4937661
4977266
5048058
5079394
5133247
5159012
5201587
5209652
5223354
5253846
5261625
5271102
5300469
5309030
5329275
5382341
5424138
5453039
5516235
5533857
5566755
5579149
5631300
5660539
5704327
5725424
5757959
5793015
5858844
5894132
5923798
5950934
5967151
6007486
6036650
6082706
6120201
6138022
6158058
6173412
6197217
6228886
6271476
6294147
6341403
6352117
6373356
6385623
6400202
6415018
6431364
6567703
6599712
6627730
6658170
6703906
