4649
11631
20062
32186
54758
64852
78770
139132
154789
171596
191503
206534
219076
252379
286704
319973
333231
345333
366748
394863
431522
455764
468335
487305
507380
522294
555475
578785
607643
627465
657234
675101
688113
700704
709572
727635
755500
797560
814156
838120
855392
876930
890261
898732
924676
947195
956586
985372
992773
1042890
1063523
1077380
1099506
1112984
1123069
1154708
1171548
1186815
1194790
1210131
1216762
1251918
1269653
1278041
1313996
1341404
1368275
1384550
1400760
1417673
1427857
1440070
1463596
1506475
1519643
1561404
1571468
1607521
1639847
1672993
1692943
1741001
1752884
1771976
1816041
1831362
1860360
1880753
1892748
1904844
1924580
1959792
1976524
2005345
2017735
2032406
2044617
2077443
2088951
2110158
2125222
2145507
2159282
2204525
2223642
2243640
2264683
2279028
2293447
2301952
2324790
2338788
2377271
2394710
2412980
2426238
2451565
2477859
2508898
2546749
2569405
2579731
2594668
2605854
2619763
2643799
2661593
2673520
2683453
2701272
2719055
2734694
2741420
2759414
2777670
2804759
2828710
2840509
2850510
2863556
2896092
2902879
2922189
2939868
2972963
3011910
3037244
3060908
3072985
3087898
3094463
3113905
3156955
3191296
3270786
3292700
3331517
3353219
3360833
3393879
3416665
3435228
3451589
3462724
3491229
3516772
3527317
3560520
3577912
3598689
3622704
3635033
3651379
3672126
3696029
3711482
3732291
3744604
3766148
3799624
3838982
3863476
3874247
3910446
3930153
3960536
3992795
4017024
4046531
4057502
4069408
4093806
4109361
4132224
4148118
4204505
4212976
4225621
4254116
4298585
4312753
