5840
42685
65236
97362
120104
138501
189518
218208
231484
249097
263640
352663
448826
472352
489178
517748
535903
562546
592545
648819
671026
684597
706457
778538
829576
918538
934415
947389
958128
986772
1001385
1015790
1044932
1067658
1135326
1159192
1197821
1218625
1240347
1259487
1274012
1289794
1305978
1413038
1425720
1437562
1482886
1518672
1538418
1553395
1564152
1585841
1599261
1607333
1627721
1640101
1690196
1718778
1748564
1784017
1816005
1836331
1871921
1889705
1924197
1952598
1982326
1989915
1995827
2033141
2041941
2057606
2074952
2097371
2117922
2159786
2188572
2244327
2289666
2316746
2332863
2374063
2390954
2422049
2447370
2469992
2487319
2506378
2530485
2563078
2613521
2655558
2731752
2759329
2803533
2840258
2851332
2894379
2909224
2920381
2955690
2977472
3055324
3080148
3107307
3133596
3143803
3158181
3176438
3198873
3218107
3230184
3252074
3292021
3317358
3345721
3365022
3377089
3390071
3424836
3433279
3444357
3475596
3498627
3517432
3538008
3548440
3606273
3646460
3674046
3686662
3714877
3723530
3739911
3754865
3802195
3836322
3859546
3867399
3887286
3920848
3958193
3981042
4002333
4030807
4041751
4066676
4079191
4093358
4110692
4133337
4147090
4168923
4215056
4232971
4256954
4263297
4297783
4306935
4320746
4335387
4350291
4390999
4435426
4450490
4472924
4495300
4507053
4518694
4532960
4559031
4617951
4649555
4683823
4702846
4727098
4782491
