5831
32361
100903
169222
203405
249837
323495
343442
373513
384283
394171
420253
475499
511223
535916
566049
585879
628146
664971
696822
718340
735619
752558
774782
792276
805108
819896
842056
861611
878591
887597
920785
968651
1009065
1023605
1038105
1060144
1072162
1093066
1111564
1129779
1195946
1224566
1245103
1294500
1327531
1354340
1378346
1439166
1484087
1495815
1522520
1553839
1577894
1620052
1637453
1650090
1680593
1695450
1721683
1756994
1775545
1786938
1805577
1861379
1877818
1911685
1933518
1965764
1986756
2013726
2033146
2065706
2093772
2105027
2129372
2141947
2164978
2183251
2197082
2215314
2233581
2265390
2285032
2299227
2316982
2326265
2343741
2359581
2408047
2430708
2457278
2472824
2499070
2527823
2588512
2606540
2632961
2643658
2654272
2671088
2693443
2702070
2727528
2752133
2776339
2829540
2864691
2889136
2904129
2965940
2981480
3004130
3019638
3050909
3074062
3109686
3137243
3150839
3177291
3190332
