2498
17815
37503
47402
57069
72936
107738
123565
138404
147739
163543
172095
198253
205265
226477
234633
244800
260326
269313
310473
326959
340607
365407
379324
392663
427475
438360
458016
472607
480579
499489
534788
552280
568199
594502
631023
643166
661949
693498
711647
729908
744372
763155
776298
799424
807765
827829
840615
853870
862118
891200
908975
934632
954512
983783
991947
1009304
1027907
1039790
1068005
1096297
1121766
1132832
1156972
1169665
1192255
1200550
1207984
1234545
1248071
1298044
1335812
1345060
1370642
1384903
1394486
1409440
1429844
1455041
1468951
1503288
1527848
1539679
1556750
1580601
1589457
1599691
1611597
1624708
1645808
1664683
1706775
1733358
1788699
1825717
1843278
1854945
1871351
1891197
1949461
1967976
1984728
1999461
2008902
2027591
2036986
2048683
2063244
2085236
2115394
2127371
2155393
2180859
2194856
2227619
2237729
2253416
2262977
2276671
2308258
2320141
2344993
2368276
2383256
2417083
2446725
2456829
2466565
2503920
2513229
2546786
2555389
2567275
2585654
2596349
2615240
2651155
2679831
2710556
2737045
2758534
2797909
2819228
2848171
2894016
2934818
2966265
2979065
3020647
3031563
3066098
3109088
3141851
3165916
3186205
3198112
3217401
3257140
3293596
3316242
3334477
3352297
3361913
3369455
3398275
3425456
