2496
8939
21576
36015
51903
63656
71184
80053
90881
104774
114997
136559
154096
164530
169954
174144
182025
198697
217590
234878
257756
264147
295758
307192
317354
325021
343227
379741
407913
422784
442180
456701
477286
502703
520287
540600
555474
599109
644036
658749
681191
692640
708469
752782
778107
789615
810540
827594
849382
869399
895579
915922
930952
974194
1006315
1015947
1031431
1062570
1078506
1095717
1104450
1113493
1123488
1140071
1158522
1170770
1184614
1193675
1200638
1235863
1253085
1285119
1301004
1332454
1357480
1381924
1391616
1405311
1411852
1427876
1438715
1452861
1467009
1474941
1486127
1519605
1546881
1567300
1592505
1637219
1647571
1654081
1667030
1685516
1709371
1734205
1753006
1761828
1770373
1780657
1799658
1824834
1836437
1851642
1859313
1874169
1883492
1889613
1898211
1905681
1912431
1920664
1924590
1940055
1945218
1959692
1976413
1985827
1991261
1996643
2000674
2006500
2009856
2025844
2036056
2042674
2061228
2082947
2098952
2119335
2134456
2159966
2172170
2190436
2217236
2229883
2244470
2280902
2303256
2315489
2323580
2348951
2374607
2416846
2434728
2456452
2490686
2506057
2528303
2547706
2591450
2603035
2621010
2637911
2653719
2698650
2726108
2779980
2807081
2815005
2855594
2880340
2893706
2915772
2934380
2951808
2960635
2981768
2995826
3029290
3043332
3061238
3084685
3102307
3108489
3120363
3148959
3160129
3172414
3201687
3216175
3222911
3230168
3235178
3245637
3265396
3274358
3311611
3339727
3373582
3392851
3399481
3407333
3419989
3433847
3459561
3467625
3477206
3487177
3493116
3504343
3518188
3525939
3548075
3556503
3571571
3586888
