2418
23077
41416
50467
66288
77662
89748
113378
120525
138689
156616
188499
215526
231980
241491
254139
284149
308188
316900
348562
361608
370157
384597
397860
419497
436038
463265
480695
495882
514905
533247
555368
574594
590081
613276
627962
661550
684974
699029
715888
728759
771235
810734
834720
855511
871253
884647
907747
949845
976760
994225
1005184
1025815
1046014
1065220
1078470
1094319
1107820
1124492
1133016
1162942
1175767
1188886
1209936
1219525
1251358
1279243
1296298
1310324
1324187
1350452
1361885
1415415
1429755
1452573
1477095
