4190
14397
31913
71291
104413
131094
150718
174622
194333
211351
221425
235250
258280
284518
297890
310143
332447
352205
373218
395576
417437
431493
443929
469788
514086
537481
562222
574961
608408
638611
662519
694504
714867
729929
765788
789914
836124
871464
894361
912877
959683
976004
1001551
1015042
1032034
1045025
1060334
1081212
1101052
1116659
1138217
1152593
1179024
1191917
1216076
1240132
1253996
1262799
1277360
1299770
1325922
1349952
1365317
1387068
1404605
1420375
1440436
1463347
1484306
1531767
1568547
1599527
1624415
1639012
1679510
1694845
1704671
1721344
1732892
1755506
1779992
1810384
1821932
1849572
1868336
1885467
1904952
1914813
1936204
1954677
1971995
2000109
2024683
2043756
2073243
2092047
2107020
2124530
2143598
2171937
2205582
2230195
2251521
2267858
2282875
2302027
2320051
2346335
2368133
2396880
2411766
2450692
2481371
2503613
2526770
2544569
2560068
2589416
2624729
2632840
2685748
2703631
2735067
2754776
2778471
2795175
2811013
2833892
2849602
2866418
