2514
11402
40215
67044
98753
125145
140510
155822
165157
181964
198835
216900
245513
266230
282002
324799
345632
358776
389079
407354
426690
459051
514701
547142
609625
621097
639018
675558
700232
713278
730219
760382
775175
784586
801770
832278
850242
868132
887077
907935
919109
938802
951294
963168
977146
996756
1017083
1032098
1039651
1067106
1081341
1096121
1110606
1124447
1144566
1160399
1167889
1186196
1198671
1223154
1245730
1287300
1300463
1305629
1320077
1334956
1358757
1374538
1398381
1406799
1422433
1464178
1479053
1506675
1531133
1548610
1562490
1577064
1602607
1608592
1624994
1641756
1649321
1679377
1696600
1707172
1713273
1739045
1770392
1782600
1822778
1832118
1851604
1879842
1914440
1925840
1933942
1942715
1968727
1985156
1998178
2013722
2030577
2043067
2070416
2079449
2094244
2119844
2151737
2164466
