2405
15475
26915
58558
66604
90969
113956
150980
177018
192533
218296
237594
283454
306783
333269
346938
361925
406490
432213
445161
470642
482984
490389
509458
523675
532227
542603
572887
598116
624468
634035
673087
688359
703896
722430
734851
748863
763244
784081
796688
829272
840183
862251
883250
901179
917810
937007
953197
975808
996221
1009917
1022416
1046061
1060219
1078380
1087088
1108447
1129759
1149739
1161885
1181086
1208032
1235385
1262716
1286933
1299346
1324035
1334751
1348667
1365303
1383573
1398267
1412034
1430876
1441969
1449165
1466753
1484176
1513084
1523934
1533207
1565422
1580500
1590767
1619847
1636061
1650846
1673332
1705658
1727493
1739384
1761720
1781238
1808213
1830601
1840023
1848086
1860818
1872631
1883389
1896903
1929111
1942107
1958431
1965953
1977065
1991158
2008292
2034399
2057172
2075471
2088712
2100103
2119790
2137002
2145773
2171177
2179693
2191297
2211339
2229531
2238032
2244453
2264598
