2437
10051
19164
35614
50648
67112
101633
110898
125482
139459
160257
171950
182019
196489
207007
225682
233851
256853
280221
300189
312520
350077
360915
390348
417082
444404
464226
474262
492490
506271
524532
564611
592189
612390
623216
635569
667560
697970
731358
742431
789593
810303
827772
859798
870578
886931
914506
931909
948340
962547
990332
1020091
1034871
1059117
1073010
1082393
1106175
1116414
1126697
1144589
1154091
1161377
1182231
1207235
1227607
1254500
1280629
1311050
1345164
1361963
1378975
1385393
1398114
1409897
1418256
1438458
1472503
1494056
1511049
1527897
1562884
1586256
1600362
1623370
1640620
1654960
1669896
1692010
1716525
1727136
1755525
1766128
1778467
1792594
1806966
1814077
1837344
1849506
1861653
1880040
1937324
1962473
1979435
1987577
1998655
2010705
2019861
2036557
2057670
2087668
2108564
2133719
