2820
15447
22941
33067
44163
54616
65837
77494
91546
101257
108546
117784
124808
135222
146981
158340
169779
176225
185076
202645
212480
232321
256597
264795
276827
288649
298329
309084
322583
333640
341869
351922
362101
373269
380869
389093
398460
404283
409881
425008
432475
439867
451951
459915
468890
509010
515517
526649
536916
546819
554619
580749
590318
599267
609221
617427
629887
636250
645559
653929
662596
670261
676585
684638
693102
709556
732160
739938
750070
756031
762775
773455
780327
787375
802584
812569
818144
827276
833795
842595
848517
855074
862893
868818
877788
895657
902974
912726
930777
939127
947442
953992
962548
968907
976427
983156
993458
1003031
1011307
1018849
