4071
16755
42618
52058
62209
72086
80522
95465
105980
119317
134373
158064
177767
191050
215018
230121
237739
246097
257733
264406
274347
285072
304072
317251
330290
351516
377534
418076
443382
458122
481740
502690
523694
548560
560719
594180
624087
637609
660145
675952
691441
709226
715586
732471
748805
763017
770009
784464
805717
828771
838873
851505
862081
876329
892249
901666
917607
926979
941005
960728
976483
1005384
1026780
1047374
1072840
1090602
1114018
1134887
1146686
1175470
1196765
1222829
1247992
1263056
1275613
1309747
1338256
1359158
1376755
1398030
1432386
1457839
1467480
1477369
1492472
1502033
1532850
1542625
1560505
1592104
1611375
1630876
1667909
1695999
1717832
1733145
1751257
1772424
1780531
1790065
1800056
1819523
1835492
1857547
1871217
1885775
1917630
1932553
1947999
1955138
1975969
1991873
2024633
2037134
2052101
2081588
2103034
2110252
2125614
2147632
2160747
2168626
2177876
2190238
2211159
2232571
2245783
2260699
2270351
