4492
23607
37491
46884
63012
79564
96393
123221
135478
152317
161048
175715
206775
224958
232081
255067
271289
287282
307345
320091
336620
347373
355049
382663
392827
404060
411497
426283
439077
450572
464588
478377
489703
508288
520989
533410
546947
558758
567559
583525
598236
606755
616635
626012
648472
659691
677890
694998
705267
716790
720877
745203
754261
770857
787247
801552
815880
839152
853576
874505
898296
914788
928971
942114
962608
974742
986614
1003589
1016018
1038698
1058033
1081987
1092722
1105286
1113850
1124944
1136174
1147302
1159722
1169691
1183771
1194497
1210783
1221989
1232764
1244607
1258080
1267627
1285467
1298517
1306229
1318312
1331169
1355916
1369384
1387765
1400967
1432906
1450806
1471145
1493809
1514279
1533063
1541845
1555784
1567035
1578254
1596585
1604748
1611893
1631960
1649615
