4075
12824
32066
34809
40183
54383
63787
71985
80860
88691
99781
106068
114442
125456
142778
164323
179431
208017
232711
270685
285970
315144
351099
358150
374447
381085
397886
411727
439222
477491
487317
522711
539163
550810
566898
578552
593014
614250
622136
639140
655793
663277
682731
694009
706470
737261
750955
761741
777812
811351
835587
849319
863722
876591
889646
907563
927920
961260
978385
987809
1003589
1013582
1026340
1045381
1053449
1065155
1073624
1078804
1083577
1096029
1104602
1118392
1125190
1134408
1150066
1157343
1168767
1198781
1207833
1224304
1238729
1247964
1286023
1293831
1302463
1304385
1324352
1341765
1355535
1358416
1368780
1373271
1376564
1386825
1402530
1414182
1434262
1440568
1458533
1469184
1477056
1488439
1507343
1513193
1527129
1544114
1559764
1570352
1576579
1591133
1621761
