4063
12244
17096
22870
36315
49242
58419
70591
83359
98297
110598
124687
132497
139726
148462
156133
165254
182439
191750
200241
214519
232868
239804
254902
266526
278375
301756
312067
322766
333327
346114
359885
368060
375895
384596
400770
414009
425838
437493
450066
458081
467692
481469
495281
508649
520847
536700
546701
561808
582066
595063
605390
612671
619467
630784
640426
650026
653676
690072
700716
720075
733257
744730
753224
767598
779073
787175
802476
816556
831593
839161
849555
857535
880059
889324
912801
927546
937010
943300
950567
957097
964589
971874
981198
988945
994553
1001182
1009252
1013304
1016917
1030450
1034355
1041402
1050827
1054978
1061950
1070859
1083858
1098369
