3670
4751
12161
16755
24717
28309
36600
44489
55171
58696
75363
81138
91771
96136
108134
117736
130003
133956
145081
148338
154510
161304
172700
176598
181524
184898
188611
192223
194473
199249
200779
203205
206325
209286
212529
217743
221916
227520
234049
258040
292269
295200
303144
309380
318099
328593
337338
359415
369765
373891
382162
386304
397463
420619
430757
442376
448746
455645
472765
480899
487703
506393
513064
532755
543763
555433
570747
576062
582879
596300
605557
638037
658485
679170
691862
706126
722677
738732
746878
751761
770675
790284
800808
806823
815424
824389
852807
875013
888941
903277
920226
928334
934079
940910
968508
972609
992757
1026309
1037918
1050674
1058024
1070053
1078405
1084026
1093593
1101110
1105465
1111540
1124709
1139671
1150029
1160477
1172684
1192578
1208493
1218504
1229083
1246559
1252143
1258038
1272753
1292197
1298146
1318034
1333402
1340625
1351278
1363804
1383208
1393414
1413052
1434674
1446659
1458815
1484459
1498436
