2560
10712
24926
42156
51947
65841
75944
90950
99196
110615
120689
134695
143228
156196
163422
176188
185022
200172
213538
226634
234097
242008
255662
263343
283515
300386
312454
321249
337381
356653
376179
390011
401105
414450
428058
444316
460767
471015
479267
503624
516524
533182
547680
562714
584300
598725
615972
637957
650889
662034
673359
684732
701033
708297
717731
724731
738162
748225
756770
766240
774419
783627
793720
804202
816506
827900
841447
851850
861975
871364
878048
890308
903309
923611
941263
949017
962269
976478
990045
1009490
1021036
1039333
1057359
1068191
1091689
1098910
1108173
1138470
1150797
1162434
1185396
1199813
1211753
1221447
1236597
1245584
1260127
1281998
1295496
1308032
1317213
1332824
1344449
1366667
1386695
1400363
1407438
1414891
1428258
1444626
1452109
1459513
1471510
