4198
16598
40714
51314
67780
162885
178729
190707
203517
223192
232672
258776
271594
284123
306381
336125
349709
376637
421193
443570
449792
455552
469518
497726
507611
537717
555932
569821
593037
603258
625766
655451
669243
681854
709550
733585
768466
789522
802957
818906
868177
889994
899871
904721
919967
942968
970900
986835
1002803
1012450
1021392
1035427
1068925
1086359
1109141
1125305
1140158
1156187
1176242
1188993
1209541
1226579
1242312
1259074
1270036
1302701
1318103
1340676
1349556
1359756
1383222
1398849
1433855
1461065
1470026
1482795
1492316
1507210
1559342
