3806
8036
13801
18501
23714
28596
38751
48394
54065
60239
66901
75026
83337
91153
117948
126862
135035
147004
163497
180039
193112
209078
213271
231393
266402
275096
280910
321239
337217
348830
358868
366905
381925
416897
425707
439793
445024
456672
465513
471392
478675
494594
501163
507088
529105
537987
544767
552913
559395
565651
583895
596014
607420
617745
622666
631023
637007
644318
650585
655986
668533
678219
688619
700249
710064
719157
729195
735562
753152
759178
771914
789682
799747
806697
814908
827306
835954
851673
860867
865909
875919
879850
890930
905763
914079
921132
928755
935601
947394
955135
961051
979706
987947
994847
1000467
1007400
1015518
1021059
1026181
1035173
1056032
1068986
1076928
1090197
1097569
1105710
1115764
1124166
1129898
1147041
1157906
1167523
1171867
1180154
1187517
1198191
1208586
1227090
1234654
