5864
28162
58922
77056
101163
114376
137540
146374
160746
173479
186284
213269
230936
253251
271884
293036
313080
327001
336484
356938
366741
420578
451759
465001
475311
489938
517522
538486
562397
579150
594096
687654
709780
767355
786198
855209
869803
897898
914318
943322
981120
1004635
1014017
1060335
1072528
1105343
1120774
1144956
1159732
1166564
1186311
1207601
1223129
1241046
1264758
1307515
1316867
1330425
1388232
1409241
1440330
1517407
1565383
1598111
1625799
