3341
12090
31728
55899
75630
85630
98534
117036
133731
142442
163307
171851
186926
198939
207056
223254
237263
256951
284231
300722
328631
349722
362913
372650
385682
401079
412101
422027
428009
439765
447624
463238
478622
486191
500048
509108
520087
537126
546011
556184
570235
580380
597356
606162
619924
634644
640460
656536
671101
687556
701501
707629
715382
737117
748873
762698
771734
783905
795552
816105
831796
843474
854578
866786
873880
887361
894684
907160
929831
937427
956337
965090
973069
982528
995761
1007785
1014037
1027083
