5846
12680
17400
24391
39202
50362
59888
69993
78922
85156
92611
97055
104036
112132
119809
130220
138572
144844
153910
161805
170455
185225
195232
201154
211720
217832
225269
233354
244236
253063
258805
266136
273387
281470
289840
299079
307605
312801
319568
326163
333713
351729
358749
368982
383469
390810
396022
402680
406991
433158
442195
456531
467018
473903
481971
488385
493090
500609
506134
514250
520053
531767
539066
554083
559033
567434
572581
581734
587654
592543
598242
605643
610586
616483
624735
631553
637870
645379
650321
655127
659298
664922
674895
681928
687571
695038
704522
710574
716975
723569
729988
734890
741865
749905
755512
760335
765008
772334
777877
785250
790474
794747
811461
821228
827741
832961
839612
844736
848946
859629
863643
870867
876979
883722
890962
896457
905968
913159
922450
930502
936435
946408
952823
957283
963438
968268
972490
982921
990062
996825
1003788
1008475
1015015
1021578
1027936
1035653
1046575
1053149
1058080
1072608
1078704
1083325
1089729
1095407
1099518
1110185
1118110
1123310
1129911
1136365
1140335
1146708
1153049
1162021
1174145
1183137
1193399
1198670
1213646
1220559
1225680
1232161
1237652
1241844
1251659
1257242
1269709
1279450
1286232
1292043
1297524
1302546
1308086
1318972
1328483
1334259
1339573
1345117
1350069
1354060
1364884
1370726
1375867
1386142
1393026
1401066
1411616
1422278
1428766
1441072
1451006
1457007
1463567
1467753
1474134
1479099
1484391
1494873
1499893
1506775
1513206
1520338
1527288
1532842
1539107
1546230
1553733
1561795
1571172
1576455
1581573
1587785
1593753
1602590
1607804
1614906
1624026
1630119
1635049
1640029
1645961
1652807
1658548
1664847
1672247
1679822
1686463
1711541
