2193
13848
18723
29006
40758
54516
61952
83077
104699
114075
139074
155387
177575
188451
204074
219700
245824
256761
283696
324712
336027
352962
366462
384338
401712
416337
426025
434587
447462
459649
469961
476899
493398
509460
524110
534209
558147
580396
590958
605521
646181
656492
674618
687730
718241
733243
746116
765305
775551
801490
810802
826461
840400
848078
857550
872674
890735
900986
912361
928297
968871
994592
1022092
1045216
1069939
1085765
1098127
1116129
1131814
1140563
1149500
1157778
1167001
1176562
1185874
1198812
1211685
1218435
1228176
1237485
1248685
1264799
1284623
1300935
1321872
1330248
1346433
1368622
1387996
1402870
1418372
1437807
1455620
1470430
