5714
11149
16289
25458
55147
71942
86942
111877
127990
148814
169301
181626
199879
218874
234079
275378
287265
296290
317716
350979
372906
384271
400170
432396
449688
476188
488937
522251
535487
566376
591112
622561
647061
656937
674796
696500
718895
738762
769761
781722
795247
807874
819025
841409
855034
878084
905005
931556
962816
977178
1002316
1009279
1018529
1034366
1050127
1065217
1083302
1112303
1130800
1152938
1172612
1193426
1209563
1239124
1255186
1263612
1274373
1289463
1305249
1313312
1327809
1348298
1371121
1385733
1396557
1417821
1447706
1477494
1505980
1524431
1540496
1560207
1591055
1606803
1632116
1652668
1669391
1688451
1709177
