2161
10034
21912
36783
49472
63908
76328
96016
121298
130512
168673
178982
208357
224906
240157
254981
269419
301920
316171
329430
349794
362731
381168
403044
428105
456790
471914
499790
514601
545041
551688
572600
590539
616912
633351
644851
663413
672161
690848
708710
742789
770226
782916
794400
806074
830801
858552
885365
900861
916115
937600
955739
976297
1000232
1011174
1025732
1036546
1062423
1091499
1099125
1113998
1134061
1148811
1178251
1196000
1213436
1223361
1240309
1260183
1273684
