2020
16019
25768
32229
64041
94842
126609
144956
154084
183793
201605
208429
222381
251167
269554
282492
294729
317104
336940
376977
403600
416752
435490
453852
472226
487290
507389
523126
543223
559674
579979
597724
621095
648121
662020
708106
732734
783795
800782
815791
836466
843542
847682
861666
872379
884166
890004
897665
910604
945026
1017487
1055762
1084475
1162784
1171257
1209044
1226217
1239756
1254733
1277846
1300721
1307679
1320092
1334695
1341217
1350781
1368005
1382130
1391355
1412718
1420967
1434227
1459690
1481979
