2104
6504
10105
14420
18219
22354
31418
37857
48168
60127
68906
82855
97467
106103
119917
137807
144329
148919
162804
175555
185555
191993
199678
216118
221556
227293
234790
241766
260618
268165
279855
288927
296291
309365
321117
330988
342739
350426
359101
366616
383800
391890
397676
405550
412362
421175
431550
458761
466048
475176
484300
492861
505799
515859
528512
536612
545298
552924
558823
563223
577733
583736
595172
602734
609236
623109
637044
650419
657070
668045
676668
689107
695544
701481
708730
716608
728795
738918
748480
758483
772791
786542
797544
806980
