1726
6261
8825
11524
15461
21710
29711
35898
44323
49208
56148
67543
71165
75604
82355
88790
98103
103940
108102
115914
121727
129479
137353
144539
151041
155090
159414
167665
175476
180728
192287
201291
208476
216476
222040
232040
241289
248217
255984
262284
267096
274423
280033
285446
290347
298070
305796
313045
319695
327786
335908
343369
348470
358345
364582
372219
378094
385357
389156
395883
401809
407482
413470
419985
427294
433794
442107
449596
456670
466783
472607
478569
484595
491780
498981
505032
510296
514869
518667
523791
529704
535266
539706
546044
553428
559366
565292
569906
574794
579130
583228
589605
593254
597916
602105
606190
610792
617680
624852
631930
635977
640429
672490
678550
684351
693100
700479
704500
708475
713040
716852
721415
727600
741050
746602
752789
758162
763010
767788
772065
777110
783016
789887
794973
799186
805911
814039
819411
824035
828063
833912
839411
846548
851313
856122
861062
865847
872160
876985
881349
885312
889534
893561
900284
906221
913186
920108
925784
931061
937158
945274
951748
957336
961335
965300
969037
973163
979911
993537
999562
1004722
1009938
1016500
1020747
1027373
1034412
1039161
1043021
1049633
1055232
1061358
1067659
1072732
1078157
1082234
1086544
1091983
1100858
1105042
1109318
1116980
1120856
1127232
