1827
8518
15590
26090
41590
52776
68089
79089
95900
105339
117163
125278
134675
145324
154024
169652
178924
190086
199836
207023
215836
222948
251147
269572
313241
323634
369034
388833
403694
421333
430707
437884
450507
459084
470043
484693
493956
501280
507068
515580
523706
541567
550767
565566
583016
593129
601479
608340
618540
627816
636915
647765
654453
661202
670267
678764
686316
693702
700702
715827
729201
741888
822843
831166
840290
881601
890619
894945
900622
919581
929646
940020
949021
955695
963696
978582
987895
994020
1001147
1008520
1014919
1019607
1026294
1032522
1038769
1054207
1063857
1069543
1077393
