5919
13980
30043
65354
81666
107573
154649
194586
238011
274249
296179
304804
310678
319615
324228
352577
370052
418037
436370
455682
481474
513037
535848
573097
589160
609409
622447
637072
645321
669508
678257
687133
722320
733325
746013
757950
773636
786351
828624
839036
848035
870260
897727
913414
926038
951404
975601
999916
1013474
1040813
1056162
1077912
1097035
1120100
1135722
1155037
1188223
1198151
1209527
1223137
1240463
1272011
1281604
1294966
1304839
1322901
1329763
1352965
1374826
1403387
1412861
1458336
1471698
1556144
1595790
1615217
