1808
5946
13322
26705
39487
65989
77101
105923
130924
146364
161797
178049
195174
209573
217797
233859
267220
282153
299428
307343
347633
373828
394268
402854
412392
436727
457016
473826
516638
544137
554474
568701
576437
590511
622763
648260
658447
684886
694223
709633
740447
750836
764459
795198
811909
823510
841446
867872
881944
909007
929215
942477
955475
966600
972041
987727
1016415
1031412
1048373
1062101
1081225
1105722
1118872
1126972
1154223
1168161
1192346
1231783
1245595
1255594
1268456
1276659
1282971
1289782
1306532
1319407
1345030
1363612
1398179
1407365
1420862
1428927
1455989
1477427
1491111
1510737
