2059
6434
10246
18996
27121
36871
44308
53183
63620
78308
93120
112669
129607
155706
163431
174930
184181
197992
206080
221616
236367
245304
262804
294179
312578
323178
338803
346006
355418
372543
386818
396980
426692
453166
461003
477654
487543
502606
518353
538655
552676
562051
571989
582014
589576
604450
617725
629300
642725
657662
665724
684662
693161
706823
718736
728073
735236
744572
757537
772571
784797
799221
809946
830010
842284
853783
870294
880832
899894
907308
915820
958568
967702
976324
985635
992699
1000635
1012385
1021948
1074421
1088100
1096438
1105537
1123412
1135335
1149219
1161059
1172472
1181034
1190659
