3942
6692
9484
11930
14730
18318
22419
28043
31418
36295
39692
45542
49256
55541
61919
69731
75917
80504
86917
90940
95165
100916
105041
111043
116755
123591
128091
134110
140692
147066
152442
156654
162603
180302
186780
194890
201466
209969
217032
230656
238284
246282
253343
261220
266781
273655
279907
285767
290032
296031
300558
307030
313093
319655
330213
336406
350529
356328
361531
367466
373718
379340
383430
388767
394779
400517
404489
410342
416610
422673
427170
432986
438546
444759
452057
458485
464721
471321
478125
