4026
6665
9561
11839
14813
17461
22725
27039
32163
36786
40462
44912
49161
52650
56460
59314
63523
68713
75247
80749
86034
91687
95212
99084
103775
108648
112818
118631
123043
126818
130292
134316
137192
141255
143941
150730
154193
156531
159818
164128
168818
174393
177878
182316
185629
190315
195103
208766
213564
218068
224103
231953
237702
241230
245291
249015
258888
262814
267263
272826
278689
286763
292887
296877
302577
309638
313539
316437
322264
329199
336026
340511
347334
353481
357631
362819
368395
372696
376357
380633
385733
390894
396584
402035
407447
413573
418822
424633
430571
436195
442134
446883
455569
459383
462820
467758
473133
