3300
7448
14180
20100
21970
28040
37301
43231
53200
61893
70318
74912
84652
93171
103931
110700
119789
126836
136046
143705
156365
164215
171665
179007
184947
189086
204466
215476
231300
243700
250129
256255
266483
274193
290073
301763
308513
313000
330133
345946
366566
385207
394747
402500
427775
444246
463526
475896
486426
497000
526186
552416
581556
604537
619302
631682
647052
657990
671390
682550
706270
727475
745505
754475
763409
775196
796126
812996
823576
836636
852032
865307
880757
897253
906343
916523
933953
947910
957280
966030
981900
994551
1008924
1024344
1030813
1035663
1041800
1049123
1059498
1069778
1077378
1083324
1097714
1103724
1114357
1122877
1139127
1153107
1169817
1182918
1191808
1198388
1208838
1218528
1227000
1232500
1238805
1246185
1272755
1295145
1305961
1316731
1323020
1327780
1344240
1358790
1376794
1390857
1408847
1419337
1437987
1458367
1509327
1554667
1575107
1595737
1608027
1624647
1635934
1646134
1655224
1664084
1673824
1682114
1697334
1712443
1730423
1749793
1764443
1779887
1792677
1805867
1826307
1846217
1855017
1862677
1872757
1882517
1911837
1937704
1956264
1967491
1998579
2016600
2023819
2030699
2040329
2047489
2070619
2087408
2110088
2126328
2143494
2152934
2164781
2172331
2205281
2231000
2246141
2260181
2311913
2353703
2369333
2379533
2408173
2437768
2447508
2457208
2484100
2507158
2535258
2554700
2583412
2607202
2617912
2627902
2656702
2682982
2699162
2714482
2723800
2731321
2755351
2772831
2788361
2804641
2822891
2833541
2842941
2849645
2858895
2867505
2889255
2903155
2967765
3025485
3035000
3043145
3055785
3068000
3092914
3110604
3125264
3138414
3150414
3161244
3177244
3188314
3214696
3233136
3250436
3262313
3279101
3291451
3310800
3322100
3349061
3367900
3393791
3414901
3426001
3436311
3447431
3460701
3472401
3481221
3502771
3520436
3531248
3542000
3567258
3589728
3607400
3618378
3630238
3638188
3655688
3668598
3688938
3707900
3731018
3755628
3785928
3809858
3825088
3839408
3858478
3875218
3889898
3908800
3922700
3934676
3941926
3949286
3967616
3982998
4009198
4027428
4044028
4055118
4066218
4081538
4108118
4134550
4153258
4169658
4178458
4186598
4201618
4215628
4242848
4264250
4280878
4292248
4312798
4326200
4364938
4400978
4431328
4464798
4489888
4515188
4528967
4540083
4545600
4551363
4566273
4580432
4594562
4608650
4635672
4662682
4680865
4696045
4701335
4708515
4717864
4725264
4735632
4744082
4756250
4765680
4777930
4786690
4796281
4802921
4820661
4843991
4865251
4878171
4892101
4903241
4914801
4924881
4931359
4937730
4945137
4952147
4988147
5021587
5044040
5074573
5083683
5092993
5112453
5129163
5141823
5152723
5161183
5169724
5186100
5201939
5216449
5233209
5244800
5255413
5272595
5292975
5317872
5338000
5348892
5359762
5372272
5383002
5430819
5472849
5503000
5534629
5541522
5547732
5565002
5578602
5589300
5599282
5611300
5624412
5634755
5660127
5669257
5693293
5725223
5763583
5778273
5795393
5848923
5898253
5914537
5927498
5946850
5974258
5984276
5993686
6016376
6038356
6043246
6048436
6059800
6071815
6089612
6106712
6118352
6128742
6178752
6235832
6262320
6291036
6312316
6331596
6340086
6350446
6367676
6386316
6397212
6408781
6416676
6424000
6444000
6463850
6480476
6494906
6506801
6517751
6530491
6541041
6554281
6563201
6580181
6591181
6602600
6610351
6626911
6639800
6658726
6672486
6691466
6707061
6749851
6788061
6819541
6845171
6868981
6886791
6907471
6922661
6976831
7022500
7037321
7049891
7073350
7099770
7124170
7149260
7187074
7221844
7246754
7272584
7291154
7308150
7323700
7336100
7348600
7361578
7374558
7383797
7388899
7395449
7432789
7466959
7508739
7549613
7577613
7603723
7644223
7681183
7718298
7740128
7803558
7860878
7886178
7907000
7949858
7979078
8001478
8020518
8056938
8081048
8088900
8095267
8107867
8119337
8141637
8163007
8170207
8175877
8182553
8187885
8206405
8226500
8233300
8237815
8255694
8267594
8313764
8345644
8379476
8409966
8440586
8464046
8521636
8564900
8582046
8595686
8624206
8645206
8657956
8667956
8711296
8749976
8767098
8780428
8817702
8853052
8872352
8888500
8912829
8930733
8961593
8991426
9040386
9089846
9123586
9153876
9176966
9193476
9218616
9234246
9245596
9253866
9290572
9320182
9347222
9368249
9401289
9426819
9449869
9471089
9484469
9496649
9511689
9523539
9535525
9542955
9560345
9573645
9596295
9615765
9640805
9662245
9679865
9690745
9725935
9760114
9768654
9776404
9793320
9804520
9813627
9822627
9835477
9848437
9859950
9873027
9885657
9896607
10005525
10106285
10132500
10158100
10180400
10199350
10222395
10247575
10285565
10322529
