2330
6710
11680
16490
18430
23360
32500
42599
57709
72881
79761
84015
93700
102805
146765
179650
190600
203155
213965
223695
236815
246105
259035
270095
277645
285715
309715
330405
355964
375034
403824
421644
433124
441274
451444
460624
478164
492894
515544
536604
565974
593114
612814
624164
641334
647200
663854
675634
690304
700951
713771
727000
753351
774691
794131
812511
836641
857531
876400
890581
913900
935991
949361
960181
970431
979407
989997
998557
1005127
1010000
1024800
1040227
1063200
1085614
1117694
1142399
1154659
1166079
1192739
1209150
1222800
1236399
1256100
1274499
1287700
1297600
1304652
1312400
1333284
1349454
1368100
1385254
1391224
1397784
1417709
1434079
1440819
1445400
1484200
1517349
1534169
1548300
1558919
1566000
1583069
1599529
1607500
1617600
1623879
1631089
1658700
1683579
1695339
1704409
1716000
1723600
1731136
1736386
1747800
1757556
1763616
1769706
1801700
1823446
1836766
1846026
1855466
1861476
1890000
1912346
1932000
1942656
1962976
1975700
1988000
1997900
2011096
2024266
2038046
2047406
2055226
2063486
2074779
2081900
2100498
2113908
2146468
2173968
2183155
2188500
2218942
2243112
2250682
2260500
2298992
2316882
2343762
2362372
2394300
2418332
2432600
2442721
2474221
2503121
2510541
2515295
2529850
2541268
2569538
2592998
2603808
2613528
2629698
2644408
2664150
2672557
2680597
2686311
2695721
2702671
2721441
2733661
2753751
2769821
2790011
2798713
2820153
2834087
2842717
2849137
2858517
2866377
2875527
2883657
2906407
2929577
2938437
2947677
2963017
2976037
2988000
2996807
3012400
3025935
3036183
3045113
3081000
3107123
3120354
3130000
3142400
3151214
3169000
3186812
3194300
3201400
3211500
3219600
3226400
3234797
3254100
3272647
3282657
3291100
3326100
3350400
3364547
3375630
3389060
3399900
3407320
3415030
3429000
3439789
3458799
3475869
3499200
3520623
3542800
3563833
3582250
3597834
3606524
3617324
3629000
3637600
3646474
3656824
3668000
3677804
3691404
3701714
3713914
3725100
3733484
3741000
3749347
3757100
3770400
3783200
3793866
3803700
3808300
3813200
3817895
3822100
3832071
3842781
3855600
3866600
3883300
3897465
3915605
3927300
3936100
3944700
3950380
3957560
3964789
3970579
3989578
4010448
4016298
4021928
4031588
4041478
4053686
4062100
4081882
4098200
4115300
4133122
4148440
4164990
4181503
4193485
4202205
4211500
4222300
4231500
4236621
4240700
4255762
4270482
4305452
4335132
4354321
4372900
4429190
4480200
4495200
4512100
4540440
4563330
4573000
4582870
4588419
4592749
4615259
4642109
4655100
4666918
4680100
4694969
4705909
4715789
4722249
4728739
4748409
4766400
4782339
4798599
4805963
4813943
4838393
4861493
4875900
4891893
4905453
4913233
4934270
4949150
4958648
4966448
4979418
4991478
5008708
5025538
5040351
5050511
5064200
5073041
5095441
5109561
5119698
5127538
5144108
5157988
5190026
5217000
5245186
5266146
5287330
5304760
5313800
5322500
5349420
5374330
5386860
5397196
5426206
5444126
5466396
5484000
5504000
5520000
5539400
5551630
5563780
5569853
5580100
5589034
5612000
5628300
5638100
5647100
5666400
5681900
5694360
5705850
5748762
5780782
5787539
5794000
5801867
5807672
5827210
5841000
5868240
5890960
5903749
5914253
