3590
7520
37801
62071
76987
88227
111791
132151
148298
160568
176858
187988
230158
263122
283022
296552
308096
317256
334602
346354
360584
370204
441174
488504
559674
623404
639774
653333
669953
680964
703034
719384
732290
743099
767439
781099
804889
820919
854310
878414
895195
907465
917272
924022
945514
957644
1026241
1073681
1118750
1150610
1207660
1250260
1261750
1271520
1282222
1289932
1298629
1302999
1322816
1336096
1346643
1355593
1367057
1375807
1397007
1417927
1436093
1450923
1485903
1517773
1534643
1551067
1578857
1605377
1618607
1630117
1646127
1658477
1670466
1682276
1693276
1703876
1713116
1721698
1736038
1745738
1788288
1817908
1827958
1837258
1847118
1855388
1885966
1914216
1944456
1962886
1976406
1990766
2001256
2012516
2019761
2025418
2041318
2056562
2066082
2075382
2082182
2090288
2104278
2119408
2128428
2136898
2154782
2171212
2195662
2210802
2230372
2246832
2268632
2288362
2309187
2327477
2338087
2348057
2361924
2375204
2387503
2397492
2416419
2433449
2448872
2463176
2482336
2496766
2502199
2507049
2511089
2513882
2539564
2551619
2556957
2561577
2569417
2576187
2588164
2598494
2614358
2626578
2642404
2655344
2681454
2702663
2720503
2733713
2768363
2805083
2835391
2860421
2874376
2889216
2898296
2906686
2925708
2944378
2954058
2962328
2984138
3008868
3025533
3045403
3062763
3074783
3086896
3095376
3108855
3120275
3140418
3160708
3190681
3211011
3248401
3277731
3314711
3338833
3403196
3448916
3476538
3487878
3525058
3557118
3589007
3614955
3623665
3631015
3661175
3684155
3696365
3704379
3713427
3720033
3744353
3764198
3786298
3786398
3786498
3830687
3851539
3866569
3889474
3903914
3918983
3930953
3936834
3942614
3953711
3962201
3978031
3990040
4007910
4018780
4030859
4040231
4050545
4057265
4075204
4086604
4123044
4146014
4168135
4184255
4205975
4223335
4240177
4254257
4263533
4272213
4278793
4285833
4314273
4338163
4346673
4353293
4364063
4369593
4388861
4405497
4423661
4437691
4456941
4468631
4483651
4497361
4505799
4514879
4557609
4587839
4623499
4645139
4667489
4684799
4695189
4703679
4726289
4753109
4760529
4769609
4781369
4789068
4806118
4817428
4851468
4878888
4906388
4928803
4946983
4960153
4965983
4971453
4986783
4996873
5025133
5051453
5082083
5109383
5126183
5140883
5156755
5168246
5185633
5194819
5204919
5212429
5236227
5251277
5267262
5278703
5290901
5299761
5310802
5318792
5338102
5352310
5361515
5368215
5383765
5397215
5428065
5458645
5479052
5493862
5513302
5532972
5538753
5545152
5570592
5595472
5603472
5609492
5619952
5629582
5640969
5651088
5662836
5676555
5700025
5722065
5745557
5766377
5776743
5787343
5799440
5812700
5825340
5839240
5847120
5854980
5863330
5871520
5880890
5887680
5905340
5924600
5962910
6005390
6021650
6033831
6072141
6077551
6087291
6095201
6107891
6120101
6157431
6192962
