2260
6130
25057
43118
84988
126198
174673
236393
259528
285888
322763
358003
410853
450623
465533
479823
501403
520863
528563
536193
543827
550177
569977
586217
625757
658887
684810
707390
728720
747870
766460
782700
796340
808660
839910
867260
895110
920740
946170
969633
985957
1002127
1013867
1024017
1038100
1051860
1069290
1086270
1099426
1108486
1118117
1127037
1139597
1151017
1176403
1197753
1213623
1225753
1242436
1254236
1262874
1270004
1292394
1309034
1350504
1382314
1422203
1446763
1459193
1466833
1479036
1490206
1509354
1525124
1542254
1550364
1564644
1577064
1588854
1599263
1622554
1634801
1696651
1744159
1770941
1793311
1811384
1823594
1869358
1900698
1932005
1957445
1981205
2003325
2021685
2032735
2086135
2129045
2161055
2184725
2200895
2211015
2236915
2251255
2277995
2296529
2313709
2327429
2365349
2393779
2409319
2419419
2430979
2441009
2465039
2479669
2490559
2498619
2517919
2532429
2558967
2583687
2596522
2609112
2620764
2630273
2643395
2652455
2701095
2737765
2749225
2759205
2788815
2805675
2826325
2843335
2870312
2891472
2911872
2926200
2948496
2965146
2985426
3000956
3032266
3056056
3076707
3090607
3099627
3106737
3130357
3148437
3162657
3172287
3196727
3209015
3224065
3234935
3245766
3252856
3268896
3282646
3305266
3315646
3341849
3364429
3382318
3397668
3413571
3424111
3437935
3448465
3457835
3463255
3476485
3487162
3497636
3506506
3546276
3585436
3601186
3613616
3630026
3643788
3655127
3665573
3686095
3708864
3730924
3749214
3790841
3835355
3851836
3869236
3889224
3908065
3914910
3921791
3929251
3936621
3948512
3960672
3978342
3995032
4002152
4007222
4025782
4039712
4058010
4074090
4091550
4106900
4149120
4185200
4208800
4232297
4249047
4264281
4274161
4287909
4340749
4396629
4406879
4418619
4434189
4447969
4459129
4470549
4491651
4510961
4524934
4538694
4572214
4601604
4622664
4640684
4650828
4662648
4680117
4697018
4706438
4715032
