2160
6060
17320
27020
37500
46580
54233
61763
69463
75733
86393
93330
119070
139000
150070
162130
171510
182840
190206
200606
210226
217856
224361
230741
249441
267161
272981
279161
294981
310821
316881
322851
329768
339378
351253
363373
368773
373713
401504
431284
445124
455084
464704
473924
484284
493571
501831
509571
516842
522437
549087
570317
578937
585166
600246
611926
622466
635347
641746
647216
660244
674384
700194
716834
727764
738577
751057
760147
777382
794672
818729
837969
849059
856479
873269
884039
914305
927555
945095
956035
968501
982251
992783
1004128
1025098
1034678
1050218
1059998
1079978
1095233
1107073
1114643
1135883
1150904
1161134
1169947
1182537
1193751
1201201
1208351
1229221
1251794
1268994
1281474
1302493
1317853
1333393
1344243
1370793
1390183
1397213
1402346
1416339
1428409
1445819
1460152
1474542
1485012
1509342
1528382
1550702
1567952
1582622
1593592
1603250
1612700
1631530
1643950
1653290
1660710
1684360
1700400
1709430
1716507
1724997
1728987
1747363
1761673
1772101
1781286
1821146
1851938
1887828
1913974
1920954
1927794
1959954
1970954
1984024
1994364
2003754
2010814
2022977
2033447
2050197
2062297
2078075
2091345
2101825
2111985
2140285
2158765
2179595
2194971
2214051
2221451
2236361
2247721
2268082
2284082
2291492
2297882
2306012
2313472
2325192
2333072
2346182
2358652
2376172
2388701
2406181
2418511
2457120
2486890
2510810
2527100
2576430
2606400
2643900
2663900
2678490
2692700
2703992
2713952
2727140
2738920
2754150
2765382
2809302
2841312
2858991
2874593
2890863
2901533
2917023
2926203
2937203
2944023
2962523
2972903
2982453
2992733
3001583
3009413
3022103
3030763
3052973
3068594
3091259
3106159
3126538
3135728
3159375
3173555
3194474
3210084
3221454
3231244
3252624
3270604
3280354
3288574
3300412
3310202
3318082
3325102
3333002
3339521
3363501
3383091
3394931
3403461
3421581
3437341
3456651
3473091
3485750
3496150
3523330
3540510
3561440
3580870
3589430
3597180
3604950
3611450
3641780
3672110
3679070
3684580
3713000
3734090
3741390
3748930
3757370
3763030
3781580
3793097
3799667
3805247
3819107
3833407
3864049
3889099
3906519
3924179
3946160
3965052
3983745
4002845
4022295
4036175
4061855
4084325
4097675
4110615
4129955
4144965
4175195
4201337
4230647
4257698
4281018
4300849
4310555
4319935
4347155
4372633
4380083
4386913
4416738
4435573
4467053
4499234
4523570
4547745
4562592
4576162
4592762
4605822
4614183
4622663
4639713
4647873
4675362
4701939
4731959
4757659
4772209
4784099
4797649
4808169
4820939
4831879
4838831
4844599
4852549
4858749
4879509
4897049
4920625
4938484
