3720
7850
18197
31857
34577
46987
62437
72256
83922
92022
108242
114922
122899
131169
140659
148229
160699
167147
182317
189867
200557
208407
224678
237462
250912
263492
274002
282141
287081
291541
296711
300211
308561
316171
334701
345759
360649
369579
383612
394132
414822
429301
435281
440381
468861
489061
500391
508991
518521
527651
534250
540080
558637
573767
603285
626395
647968
662138
675821
690841
713431
725961
739261
750211
772311
790391
814901
833461
845331
852941
871251
885541
902804
910304
945244
969634
1018724
1047134
1059464
1067314
1092174
1105024
1117050
1123470
1137810
1147460
1186550
1209130
1233290
1252030
1262076
1269056
1288206
1301356
1313618
1320938
1335811
1344971
1360531
1373021
1391761
1406041
1424991
1437997
1450391
1458161
1494951
1521661
1554591
1576371
1584661
1598441
1605361
1615082
1641642
1660522
1680102
1692802
1707792
1719322
1726012
1731312
1739712
1746072
1755108
1762418
1778608
1790148
1807808
1817728
1830008
1840858
1852618
1861368
1869568
1875818
1882638
1887918
1913668
1931358
1945858
1958528
1988578
2005978
2024252
2032844
2061364
2082964
2105364
2120664
2143795
2158395
2166335
2172075
2184405
2195999
2202959
2207946
2224446
2234706
2244706
2252288
2263056
2269246
2281676
2290406
2297286
2303216
2315039
2320469
2357819
2382699
2403859
2421549
2440859
2455229
2475574
2488221
2520656
2544726
2554216
2561646
2568096
2573686
2585296
2592946
2612986
2624896
2638426
2648086
2668336
2680226
2696906
2714126
2722866
2729486
2736746
2743446
2751216
2759236
2778447
2792797
2815747
2834577
2844187
2851177
2866337
2876737
2883327
2888867
2901900
2909688
2922368
2929848
2934648
2939358
2945163
2950963
2957333
2962393
2968273
2972643
2978553
2985358
2988905
2991408
3000298
3005838
3010718
3016188
3023782
3029022
3041122
3049852
3057362
3064582
3069052
3074172
3078610
3081710
3084720
3087365
3091615
3094669
3097679
3099849
3114349
3126119
3134939
3142489
3148249
3152578
3167168
3181388
3199548
3215428
3229528
3244708
3261538
3277258
3285728
3292798
3312748
3328948
3337178
3343708
3357038
3368068
3389948
3405158
3413070
3420720
3435154
3444334
3469904
3490224
3508444
3524944
3532934
3538489
3545439
3551633
3571593
3583613
3601882
3619434
3651914
3686654
3697951
3710401
3726751
3744141
3771861
3795101
3807011
3816221
3832691
3849661
3866041
3877831
3907951
3938101
3946131
3956291
3968001
3979611
3993241
4001651
4016071
4025281
4057932
4091572
4115342
4139252
4186182
4220972
4249192
4279122
4285822
4292202
4328049
4359949
4379929
4395529
4408169
4418419
4437469
4456869
4474389
4489739
4504319
4516559
4525689
4534129
4550005
4567755
4581475
4594775
4624025
4659985
4673445
4681145
4701805
4716115
4741455
4761515
4778615
4791765
4798295
4802605
4817563
4828063
4857583
4884423
4895803
4902173
4915313
4923653
4952803
4971423
4987173
4997193
5005963
5011794
5020085
5025695
5031485
5034945
5046305
5052215
5075345
5088065
5101575
5109285
5144256
5169626
5196286
5213496
5240106
5261636
5275866
5287036
5293246
5298716
5306656
5310126
5323686
5331348
5346348
5355788
5382614
5398574
5407504
5414094
5424294
5430634
5441214
5449054
5456874
5462634
5474544
5482294
5497374
5506484
5514154
5517973
5542503
5558903
5568223
5574733
5590193
5601933
5619243
5632714
