3930
7820
26250
41570
58190
69775
77547
81647
94937
103517
114381
123101
133541
140791
164720
182230
192493
199615
211867
220437
236477
248367
274394
290084
310714
323518
342328
352328
363048
369438
380496
386496
411326
424566
448626
463936
470866
476554
498284
519504
530484
537730
548370
552510
564570
570360
580990
589289
608847
622897
639537
650407
675591
692001
703801
710336
722026
729306
746409
760179
777509
792269
806689
818799
837409
846275
857965
864685
885215
901765
919345
929745
954225
969145
991632
1004452
1018552
1033882
1050252
1061032
1077692
1086342
1115502
1140072
1166721
1204651
1222721
1240801
1256311
1271171
1281811
1289271
1300891
1314111
1329631
1340711
1370111
1394841
1408991
1422491
1433571
1443831
1451467
1460117
1474447
1488847
1506247
1519187
1538197
1552417
1561059
1567269
1576459
1585669
1594289
1603419
1618279
1627889
1635116
1642696
1672158
1693908
1702838
1712268
1722498
1732638
1748328
1763138
1769968
1775538
1801438
1820438
1843838
1863868
1878015
1891425
1899125
1907795
1917295
1927106
1949999
1965579
1975669
1984909
2025789
2060869
2072269
2081689
2097509
2110709
2128979
2146042
