6820
7120
15410
23940
33970
43580
68298
94518
115348
133428
156528
176578
190308
205808
226592
243542
257082
272402
283243
293363
301973
308868
319619
330464
347914
361684
378644
395094
405664
417413
428143
436033
457883
472563
487351
500071
521571
538261
557771
577211
598341
611211
619718
628138
635588
641278
661018
673798
709025
734965
758255
773385
790095
804365
815365
821965
844005
864785
884015
900815
919872
938412
956702
974392
986133
997733
1012433
1024553
1061203
1081673
1101533
1118803
1163693
1188893
1223483
1248813
1271217
1290137
1305477
1318217
1363127
1396607
1412457
1422497
1446117
1466117
1478237
1488107
1502908
1515128
1531578
1540490
1558660
1572220
1593172
1608642
1627622
1637816
1652837
1666337
1680867
1691173
1704784
1715014
1735974
1753094
1764974
1774344
1793634
1809313
1830483
1844445
1855405
1863035
1872179
1880739
1893019
1905013
1924633
1941771
1966235
1985205
2011648
2031448
2043068
2053648
2068376
2079066
2095626
2108006
2124086
2134906
2153436
2165276
2187066
2205906
2227726
2241666
2277916
2303786
2332269
2354329
2385149
2405869
2431349
2449409
2461829
2472019
2514169
2548649
2560099
2569929
2578740
2584740
2601540
2614240
2624900
2633800
2654633
2669113
2694793
2712933
2744853
2764443
2773923
2779423
2805506
2825376
2840896
2853326
2869206
2881336
2896546
2910646
2919260
2919280
2919300
2930606
2945963
2955803
2971803
2988063
3012933
3032633
3052273
3070633
3094883
3108553
3134873
3157103
3174343
3187663
3199145
3207395
3222225
3235465
3250035
3267355
3288685
3312075
3336585
3357005
3375170
3395320
3409720
3423040
3436110
3449170
3461060
3471350
3486030
3501760
3513670
3522840
3544310
3566670
3584610
3601690
3622802
3640072
3653342
3663832
3696484
3724724
3745571
3767431
3784607
3797617
3815107
3833657
3845267
3858947
3872957
3885667
3905267
3923537
3948484
3974494
3981064
3987224
4024072
4056192
4069912
4081162
4104532
4121812
4134682
4145652
4160982
4174162
4184543
4193143
4205861
4213711
4229189
4243269
4255879
4267899
4280317
4293077
