2200
6460
13940
18950
39440
55250
75600
95900
117990
139750
158560
176090
186560
196750
209230
220003
227743
231993
244713
254013
265903
279423
294303
310283
330603
352762
366712
379812
388409
394681
422381
446711
460841
474591
484201
494271
516491
537381
550956
563866
576726
589456
607986
624756
664946
693696
714036
731516
773366
803516
816786
822496
840610
852500
883559
902629
925090
943550
953590
959410
974290
985750
1013930
1034610
1047820
1056661
1067981
1074274
1089064
1102901
1127101
1148636
1162875
1173365
1194225
1211245
1225498
1236178
1252864
1268884
1278914
1288204
1305405
1316465
1326893
1334493
1344963
1351823
1367352
1373074
1391544
1406645
1421295
1435005
1447615
1457945
1465019
1469561
1490110
1503580
1513948
1523898
1537122
1547772
1559352
1569242
1581857
1591147
1611757
1627077
1641003
1650343
1655697
1659907
1676857
1686197
1697117
1704497
1722975
1735965
1751666
1763846
1800776
1824596
1833666
1840066
1844826
1847570
1860016
1868790
1879520
1887470
1908230
1924170
1937390
1947247
1967637
1983437
1990647
1995557
2010967
2019917
2050537
2074346
2087666
2097976
2117046
2130486
2151756
2165096
2180876
2190106
2200406
2206416
2218006
2226087
2242867
2255807
2261727
2265847
2274997
2279762
2292527
2304537
2311187
2317277
2340107
2354787
2369538
2377477
2387167
2394097
2399008
2403118
2422828
2434828
2461188
2479678
2496318
2505238
2541063
2561613
2569631
2575211
2587561
2597721
2622071
2640036
2659465
2674665
2685725
2692165
2699105
2704777
2712397
2717067
2736947
2753127
2767237
2776067
2786997
2795427
2807147
2814967
2828317
2837337
2848151
2856481
2876551
2891771
2899471
2909386
2921956
2931376
2954896
2970756
2990853
3006363
3020803
3030579
