3760
7680
22050
32490
42750
50480
79420
99552
106338
111028
134188
152358
169808
180568
207228
227908
245618
260486
271017
279637
293879
305077
316097
322357
343857
363027
381355
392886
404540
416370
426650
434980
449030
458960
487180
513990
531980
546750
555823
562503
580154
591728
599898
606328
611288
615182
628772
637792
649732
660702
667402
673392
681212
687592
706567
723087
741267
758467
776327
792147
800497
807997
830007
851187
860907
872907
881198
887511
900291
911071
922981
933921
944981
955111
964341
973471
986699
995719
1007113
1014143
1034571
1054965
1063655
1072324
1087362
1099442
1114403
1130873
1145679
1163819
1174289
1185099
1199313
1212833
1225783
1239363
1254183
1272873
1291773
1305903
1317185
1327968
1337168
1345978
1365257
1378487
1389277
1399397
1412948
1419028
1433648
1439218
1454908
1465388
1484574
1499984
1513054
1523264
1532647
1542292
1557283
1568313
1588104
1608494
1625174
1641014
1657187
1671441
1688001
1698901
1707801
1716258
1731373
1744523
1750206
1759996
1766456
1773856
1791778
1801238
1818018
1829508
1845161
1852741
1865683
1876073
1892413
1904693
1916256
1923676
1930856
1934320
1954590
1964420
1978127
1986927
2013497
2031527
2041099
2047599
2056669
2061929
2089139
2110099
2126784
2134334
2146137
2153857
2179247
2195947
2215047
2224737
2235979
2242999
2265829
2280566
2312266
2338256
2364146
2378426
2391976
2399316
2416536
2429629
2444946
2456709
2476819
2491329
2510279
2523479
2535729
2543069
2550039
2554709
2563611
2571100
2580760
2591680
2601084
2608604
2620304
2630284
2653405
2665654
2677364
2685934
2700444
2711264
2717448
2720948
2730391
2738381
2748921
2756283
2771483
2779993
2801902
2813162
2837698
2848888
2866689
2881869
2894610
2902070
2913595
2923865
2943081
2953361
2976521
2986731
2993672
2998758
3025943
3042953
3051753
3057743
3068164
3084015
3090985
3103575
3122195
3136275
3145715
3151165
3157418
3160198
3181568
3195777
