3880
8073
17993
23158
31248
35478
54633
64043
79371
89903
105153
114752
143252
160562
167998
173018
185398
195258
210178
219568
239355
247414
256994
263814
271723
277753
290103
298696
306306
313186
329036
340286
346846
349786
366901
378381
400678
414218
432528
445358
454158
459882
500482
520622
529992
535422
561732
575989
595219
609299
629609
643648
659722
671232
680472
685992
701113
709013
722903
730573
745373
756686
788036
810406
827236
840816
854216
865397
873157
880107
887971
894961
914990
933100
954300
972630
995955
1012870
1021360
1027560
1053480
1071610
1086241
1099824
1114684
1127398
1147175
1161495
1168315
1173766
1182866
1192759
1210259
1227239
1239309
1247789
1258379
1266359
1274171
1281091
1297251
1311581
1333777
1352327
1361897
1373697
1388047
1400157
1410822
1422742
1429012
1435462
1449242
1460652
1467172
1472062
1479838
1486798
1499045
1510155
1516395
1523885
1529085
1534725
1545594
1555894
1567144
1579814
1593804
1606394
1625874
1650704
1667114
1683163
1703433
1722223
1746713
1764383
1775623
1786633
1798703
1810273
1814763
1818743
1827183
1836013
1843823
1850123
1855673
1860113
1869083
1877473
1904133
1926119
1941657
1957740
1968441
1979841
1988521
1996611
2019081
2043031
2055351
2067691
2076311
2083341
2096861
2115871
2124391
2133801
2141661
2150741
2159751
2167812
2182312
2194592
2212762
2229785
2236645
2242435
2257775
2276325
2283705
2290855
2298885
2307015
2315695
2323505
2332723
2340963
2347123
2353813
2368283
2380963
2387813
2394307
2400587
2407397
2417542
2425822
2459532
2489611
2508401
2528111
2538561
2548411
2553071
2556961
2563451
2569930
2578128
2583988
2589928
2595418
2605258
2614248
2627238
2638568
2659234
2679644
2696274
2708204
2727784
2743885
