3470
7540
30650
42750
70390
90150
114700
133030
167460
185520
215760
234690
258320
275380
290276
300826
315356
325386
331416
337452
354472
364382
399172
420476
429526
436296
456366
471896
501366
522036
544546
555226
594416
631356
675710
710254
736794
755524
768494
778384
785564
789458
803870
812120
834880
849790
870850
881740
891570
900000
922614
935624
951002
964972
981382
993887
1008324
1016374
1023870
1029097
1054616
1076882
1121042
1154369
1166956
1178276
1213296
1243296
1260376
1268886
1289751
1306551
1326461
1346063
1363873
1379673
1400313
1417493
1427263
1434903
1446703
1457793
1475996
1487616
1503006
1515689
1532219
1544734
