3720
7740
28067
39137
55647
65636
81996
92046
110442
125412
143272
156840
185506
201796
218336
227876
238846
248386
284496
311656
346966
369734
401074
417744
441499
453009
467927
483207
491447
500837
505547
511917
520257
525024
538982
550072
570182
585852
596842
606752
611852
614627
644747
668517
703707
734388
748633
761033
773231
783841
794221
803631
812886
820151
834201
845891
854081
862361
866551
871361
882851
894921
912341
924641
942813
961643
969208
978048
992618
1004593
1013933
1022393
1034850
1047400
1067830
1089360
1100540
1111517
1121557
1130907
1138607
1147047
1155157
1161807
1173617
1183757
1192237
1200617
1223397
1243157
1255027
1266567
1276267
1285740
1294720
1304690
1313560
1324961
1330931
1335761
1357003
1361923
1379037
1386552
1399501
1413416
