2170
6370
14950
21090
26140
31050
37190
42860
49251
53551
59051
62872
69212
76882
83692
88382
95662
103112
108740
115780
120628
125638
131513
135513
139533
143153
148463
153783
160914
166394
173178
178778
185941
193114
197183
201163
206683
212153
224203
232053
239783
245503
255563
262933
276613
287484
292454
299184
305824
312094
317885
323944
330054
335574
342344
347234
356244
366634
372829
381439
386229
390019
394746
398624
403494
409314
416744
425584
429334
435514
439554
443804
448196
453166
456506
460836
465002
466712
474992
486362
489912
494352
498332
502182
509632
517432
521886
526076
532400
536050
540590
545530
548900
553190
560600
568230
574130
579591
584081
589881
593752
596612
600122
602672
609612
615532
620932
627322
633092
639092
647702
653622
660362
665982
670029
674659
679740
683250
688320
693200
699968
705828
710268
713295
717076
720756
725526
731006
735726
739632
750142
760182
768402
774512
779082
783872
788722
792882
795732
798992
802452
806547
812047
816653
821903
827283
830633
834513
842193
847753
852720
856990
860650
864417
868897
872047
876297
879637
887327
893347
898867
903207
909877
913747
920387
925526
930516
934145
940135
944485
960485
971595
977155
981175
989635
994865
1012050
1023870
1030643
1035173
1039453
1043613
1046893
1049533
1053864
1057604
1061664
1063444
1069609
1074939
1079139
1087389
1090159
1094919
1102523
1107773
1114859
1120369
1129399
1133227
