3690
7670
18240
27760
47600
60700
68190
76145
83715
90015
99887
106377
113807
119847
133077
142607
154147
163447
177227
186267
201044
209864
226614
237774
254694
267834
278979
287929
307749
324739
334699
342329
348549
352359
360680
366150
379610
387020
391980
396450
404102
409652
417662
422422
434922
442882
453482
461455
468844
475954
491054
502664
519154
530754
560054
575274
596044
608674
623004
630494
649414
666254
682364
692234
706394
714834
736224
749324
760684
766339
795209
813302
835342
854291
864643
873663
889093
901373
912023
919533
929253
936463
954040
966560
974910
978450
990717
1003269
1012969
1025749
1041024
1050484
1056644
1062544
1069894
1077034
1092447
1103428
1121498
1132268
1147128
1150966
1161926
1170632
1179971
1188811
1199941
1208161
1217451
1225251
1235647
1242950
1255310
1266588
1273498
1280478
1288592
1296962
1313472
1327712
1338692
1348792
1373831
1389311
1403809
1417249
1431387
1444157
1462757
1473897
1489331
1498851
1516837
1529267
1544137
1554377
1564757
1573177
1599427
1615467
1633817
1648152
1672003
1690793
1712546
1728196
1742165
1752673
1767042
1772452
1797592
1817592
1838322
1856229
1869839
1884449
1898210
1907650
1923561
1933281
1958136
1977186
2001316
2024376
2030148
2036378
2044948
2049988
2060428
2070498
2077958
2085297
2102552
2119022
2126502
2133142
2145612
2153522
2177592
2198482
2216700
2216750
2216850
2229298
2259466
2280696
2296466
2308976
2326914
2340263
2351383
2360563
2373432
2385762
2401122
2414432
2420473
2426176
2433586
2438426
2446207
2453289
2465659
2477969
2490519
2503047
2516318
2527128
2537138
2544898
2554448
2561428
2582768
2597877
2607877
2616967
2627877
2633816
2638900
2642420
2657130
2670360
2679870
2688590
2709830
2727740
2736180
2746460
2760041
2769131
2785821
2804611
2820221
2837331
2842371
2847161
2858345
2868625
2883077
2895297
2903537
2911725
2918345
2925085
2932535
2938620
2947149
2957099
2969685
2982015
2998025
3013625
3023905
3034559
3044439
3056309
3064109
3071569
