2050
5960
24430
42060
52282
61152
68004
74844
89764
98727
112854
122904
136958
145030
170170
194030
203270
214400
227321
237031
244314
250596
261876
267016
294036
313386
329328
339718
346678
354008
374388
390109
408209
425820
438810
447920
468551
483733
498723
509823
528053
536575
549809
558073
569053
575607
603512
620722
632672
643482
654952
664072
672941
679891
690421
696871
708918
717448
732347
740897
757217
768257
781527
790828
799278
805508
824990
838810
852760
862840
874160
880570
894099
903289
912559
921229
927629
931899
946669
959639
972359
984669
995289
1003879
1013059
1023629
1030334
1034541
1054936
1068176
1078546
1086206
1102646
1115406
1129996
1141046
1149291
1155921
1165211
1171481
1175655
1196741
1199511
1217761
1229021
1237851
1252881
1262801
1274321
1286620
1300371
1310525
1320585
1330945
1351233
1365003
1383157
1393947
1413337
1427634
1456164
1474796
1486637
1499867
1517047
1529336
1543524
1551284
1570527
1584354
1593384
1600624
1611084
1622344
1638173
1651493
1666567
1677317
1705357
1721657
1740277
1754147
1770047
1781427
1789772
1795212
1810261
1823681
1831793
1839123
1848423
1857924
1872650
1882660
1892290
1902400
1914350
1926650
1936410
1944590
1961126
1972966
1981636
1989836
2001699
2011429
2021768
2030580
2039368
2046738
2057739
2067009
2078905
2088735
2098820
2105000
2122859
2135059
2147131
2156791
2164492
2171032
2180958
2187308
2200568
2209088
2234237
2253257
2264677
2274197
2291417
2300017
2314825
2322715
2352020
2374900
2393540
2403630
2422600
2438750
2461050
2471230
2494140
2509359
2523616
2536516
2544600
2551187
2563947
2576607
2587287
2597317
2606256
2616536
2631648
2638558
2650128
2656438
2667760
2673250
2687830
2707560
2721900
2737485
