3870
8290
18100
23040
27000
31180
36580
39680
54970
64840
77782
85792
92714
100294
110784
120124
131161
138371
148393
157243
170003
180963
190253
198703
206586
213866
220786
225046
231551
236261
246711
252561
261283
267822
278505
286855
293966
300436
307856
313896
322668
328928
343548
356538
362460
366540
380940
391850
400330
408110
415846
421662
445310
457270
466251
473168
481788
487958
496738
502488
510398
517698
528008
536188
543638
550404
558729
564669
572809
579029
593719
606749
616999
623229
632666
638636
650346
656984
667354
675504
687224
694144
702124
708164
718428
728038
739478
749168
758858
764748
774798
782894
794824
804324
812534
819924
835124
846114
858873
868313
876453
881397
894224
901404
908322
913372
919442
924872
935832
944172
954821
960851
967322
971132
976560
979080
1019199
1039867
1049944
1057784
1074114
1081294
1092862
1101502
1111737
1118125
1126225
1130855
1144125
1158135
1171849
1184369
1190479
1195669
1203489
1207879
1219857
1227427
1235847
1242653
1248482
1253832
1261462
1267018
1274178
1279688
1298264
1310794
1319321
1326671
1344796
1362676
1374166
1384116
1391646
1399626
1404836
1409386
1415454
1421248
1425622
1433572
1439623
1444333
1451983
1457048
1464248
1470458
1475588
1481988
1486079
1493359
1498339
1501959
1508515
1514035
1517505
1521715
1524935
1528265
1536215
1542535
1546265
1549165
1555405
1560695
1567805
1572801
1576301
1580684
1585204
1589944
1597544
1603084
1611984
1623671
1634421
1643868
