4260
8190
15975
20623
29604
35084
50194
60984
69237
76027
88591
103681
111771
119551
134991
144421
152499
157129
167189
174819
184309
190389
202834
209644
216374
220614
229498
238568
245208
248873
259163
265053
272743
277323
286753
292823
304393
315943
328323
338433
344193
348323
354615
358176
372136
384586
390096
409436
414746
429066
440786
448926
457026
467276
473766
478316
491706
501966
518316
527656
548424
559324
570120
579680
589530
595710
606040
612960
623550
630715
645825
654334
673274
684920
697630
703315
709619
714239
729789
739309
750649
760729
776069
782969
796380
804660
818029
825168
848878
861718
875288
884098
896007
904437
924037
937097
947077
955627
964210
968458
982658
987522
995322
1001172
1009456
1015516
1021092
1024282
1031647
1035945
1041485
1046825
1056480
1065610
1072626
1078776
1085586
1092546
1099386
1105296
1111966
1116430
1122540
1127820
1134130
1138620
1145980
1151920
1159020
1164160
1171350
1177100
1185020
1191820
1198720
1204280
1211050
1216120
1222440
1227603
1233393
1238113
1246116
1252326
1260646
1267216
1285266
1298336
1312526
1324036
1329595
1334515
1343045
1350195
1361478
1369978
1379980
1391130
1404980
1419061
1427671
1435111
1447087
1457487
1468567
1477657
1485617
1495447
1507613
1522683
1528483
1534453
1540803
1545963
1566833
1581633
1590823
1596373
1604503
1614113
1632276
1647426
1656876
1665946
1673726
1679996
1686316
1692876
1704096
1712616
1718916
1724866
1732346
1737719
1750290
1765390
1774190
1781940
1789830
1795470
1800550
1805480
1813820
1819831
1826951
1833151
1843671
1851281
1868191
1881581
1889924
1896631
1901551
1905481
1910261
1914171
1922851
1928931
1939281
1948171
1953861
1958541
1964281
1969671
1978841
1988998
