2080
6160
13850
20470
40032
56822
64752
72092
80747
89527
142187
190627
199717
208147
218617
225947
233907
241447
252317
263527
270764
279584
297434
313444
322401
329801
337351
345791
358743
368683
387223
407077
416957
422887
439527
455507
493357
518437
530547
544569
549049
553959
557239
559949
571599
580952
597862
610912
617072
622098
648236
666666
684476
700626
716716
726246
748396
762848
773128
779620
802950
818860
841150
856050
867060
875360
891170
898680
925080
942210
961575
972665
1003835
1026045
1051661
1067061
1078591
1086031
1096261
1103791
1141715
1169655
1188093
1199693
1208783
1217146
1221576
1224736
1236296
1247506
1265126
1276216
1303636
1318546
1332926
1343246
1354366
1362356
1369816
1374356
1383299
1388799
1398489
1404779
1428509
1449439
1465629
1478799
1500519
1516209
1535813
1546493
1559503
1569303
1583833
1589313
1606601
1618861
1627471
1635971
1651191
1664901
1681532
1690772
1706242
1717352
1732262
1742982
1753792
1763742
1786039
1805539
1817609
1827969
1845417
1858917
1866067
1870847
1879326
1885380
1901600
1911370
1925500
1936310
1972530
1994550
2021153
2042485
2050165
2056835
2069295
2077425
2087215
2094805
2108995
2117975
2170750
2206180
