4030
8380
11272
15882
18762
20992
24523
29692
31855
34445
39347
41187
50787
57125
66175
70835
77055
80713
88223
90252
95422
96940
104650
108170
115375
119163
125458
129108
154348
172278
179058
182078
191548
195698
206005
212055
227366
235966
250806
258555
270065
276865
292485
304205
309475
312487
325161
335598
361518
376908
385855
390185
396105
400195
427175
453005
462951
472851
480871
488981
495401
501791
507280
510818
526908
537068
561378
578078
584828
591378
600138
607168
610848
614308
622008
628418
635768
641798
646438
650268
655478
659888
670238
679848
685888
688978
694517
698537
716897
732877
740677
746207
752617
757717
764671
771668
775968
779918
784972
790142
799762
808432
817213
823983
831983
838403
846223
853063
856854
859914
865853
869923
874823
879793
885153
888403
892843
896060
900162
903492
913652
920182
928572
933092
942282
950862
959572
966738
973088
979128
984578
989698
997338
1002968
1007288
1011278
1019958
1026418
1031124
1035514
1044254
1053064
1068384
1083084
1089944
1099634
1104674
1108874
1115214
1121224
1129184
1137333
1144333
1151923
1160367
1167089
1174949
1180611
1185701
1191981
1199631
1207841
1211521
1216031
1223441
1230401
1241221
1249391
1255021
1260561
1265281
1270331
1275491
1280391
1285231
1291881
1301121
1310471
1315832
1322297
1327447
1331976
1346956
1363836
1371706
1379146
1383236
1388456
1392426
1396116
1401286
1406346
1412776
1418596
1423028
1428674
1432074
1436984
1442744
1448124
1463034
1473574
1481714
1488884
1494934
1498538
1507368
1513508
1518748
1522518
1528797
1534857
1543787
1549777
1555947
1563067
1567317
1571567
1587467
1597797
1605905
1612965
1621705
1629865
1633745
1638135
1645285
1651265
1657608
1661598
1669098
1675438
1682618
1690108
1703258
1714678
1721388
1729942
