2130
6350
16490
25253
46323
62683
75113
88733
107863
119563
127167
133867
149667
162207
168627
174497
182527
191223
198433
204113
213013
221481
240544
259305
268795
277285
289515
297355
307125
317415
330025
341625
352085
361875
368935
375976
383016
388516
403086
415158
421789
429955
460857
484107
502577
520747
531054
540924
548584
555194
565824
573464
592134
607614
621584
633774
647410
661270
674860
683720
700780
708608
816998
860488
880052
893092
941972
977362
993531
1004271
1062161
1097047
1109117
1121067
1146467
1160107
1174967
1185667
1210447
1228657
1262788
1282278
1303438
1318198
1327878
1334148
1371608
1396054
1406334
1413584
1445394
1461984
1474824
1481814
1499114
1508734
1518844
1525556
1531296
1535896
1551619
1563032
1582672
1594922
1612882
1621432
1638492
1650102
1671962
1692422
1731362
1760162
1768059
1774629
1786009
1793529
1849379
1883449
1900956
1913456
1941302
1955962
2030362
2081082
2117602
2146842
2177462
2193392
2216542
2234340
