4030
7850
18072
25152
42012
55112
77242
90992
106592
116887
125868
134018
144758
153998
171158
181681
197501
208847
220577
226917
243792
254632
263512
271202
281139
286419
295589
301969
309906
314626
327841
337951
352361
359791
382581
394831
417501
430183
446253
458873
484763
499404
517274
531774
542234
551544
560134
564894
572831
580281
588521
596231
604801
613821
622131
630581
636311
641791
653136
661836
669069
676025
685557
694337
707140
720580
727262
736392
746743
754173
761582
767107
776597
785046
796813
808113
815113
822363
829128
835478
846452
856817
865067
873587
887107
897507
904444
911584
923364
932124
943275
952955
957694
961164
969962
976962
988342
997912
1007212
1015592
1023330
1032400
1037740
1041980
1049490
1055544
1067910
1081119
1090402
1101312
1111328
1121255
1126268
1132318
1141968
1149018
1158568
1168158
1181048
1193458
1212028
1225238
1234108
1243198
1253328
1262858
1272588
1282718
1287898
1291899
1301579
1308279
1313420
1316970
1325060
1332600
1348139
1361699
1368024
1374832
1390892
1402366
1409275
1416335
1422678
1429638
1437748
1444498
1456411
1467011
1481308
1489998
1495468
1500746
1510656
1523392
