3230
7360
14530
17590
20010
24020
28810
34270
42670
49820
57690
64080
71510
78180
84940
90690
96640
102530
106690
111350
116719
121360
125180
128420
133044
137623
144176
151369
156411
160561
167251
175201
180911
187661
192111
195411
202271
211181
217100
223280
229580
233950
242190
251300
260390
267520
271035
274165
281238
288598
292268
296658
301828
305416
310442
316057
323147
330497
336692
343782
347811
351501
356431
360441
365081
369181
375281
379831
385071
390581
397141
402100
408080
414370
419480
422841
427441
432151
436731
440671
446048
451218
460878
468038
472418
477338
482638
486228
494418
502118
507568
512998
516098
518998
522928
526218
529128
531242
549917
569037
575697
580467
590937
597757
604802
611662
616142
619292
623942
627722
631662
634672
638252
640999
645509
649389
652745
655155
660955
666855
669755
672205
679835
686435
691265
696775
706065
714225
717775
721025
725488
728978
732168
734658
740918
745898
752188
757238
761758
764651
770381
774539
781339
785779
790116
794346
797376
799556
807756
812136
817482
823552
826712
828732
835002
839732
844669
847799
852369
855049
859844
862684
867824
872164
880836
886076
892368
897228
903188
906898
913390
917190
926468
930808
934319
939422
943132
947092
955072
958544
962649
966959
971279
974339
979219
986909
991589
996089
1000346
1004476
1008586
1011206
1015430
1018620
1025110
1029080
1034370
1037150
1042460
1045159
1048839
1052079
1054099
1056049
1062949
1068129
1075685
1082845
1088105
1093095
1097455
1100615
1106115
1110755
1114365
1118045
1121185
1124355
1133275
1140505
1144145
1147715
1153565
1158545
1164125
1169765
1176049
1180649
1184584
1189234
1192184
1194334
1202924
1209254
1213574
1223214
1227294
1234764
1242394
1246104
1251924
1254854
1261960
1267490
1272670
1278240
1281850
1285270
1291360
1295940
1299730
1302730
1306098
1309058
1318278
1325578
1331618
1335598
1341628
1346408
1350583
1354073
1357973
1361533
1366543
1371843
1375941
1379480
1382410
1384530
1391040
1395120
1404100
1410290
1414350
1417280
1420040
1422090
1432997
1442592
1449892
1455222
1459554
1462884
1468684
1473494
1477271
1480741
1484521
1487491
1496381
1502971
1507921
1511591
1515101
1520304
1522324
1526004
1531944
1536264
1540274
1543904
1547694
1552554
1555384
1558604
1564554
1568374
1577956
1583586
1592106
1600586
1609326
1615846
1619431
1629681
1632931
1640191
1647475
1652665
1656815
1659755
1664895
1669105
1672805
1675942
1678812
1681912
1690152
1696862
1700862
1710332
1714142
1720052
1727912
1733712
1739102
1743632
1748802
1753152
1757122
1761032
1764522
1767852
1771882
1774492
1783308
1789158
1796378
1801448
1806158
1811738
1816249
1820289
1824912
1829042
1832662
1836642
1840066
1843236
1851906
1858016
1863036
1867436
1872096
1874516
1882696
1888116
1893570
1899450
1905353
1908513
1916873
1922043
1931293
1936223
1940893
1944403
1954623
1962813
1970273
1975563
1982795
1987555
1992764
1996034
1998924
2002874
2006694
2008954
2012624
2014424
2019214
2023124
2034405
2039333
2043056
2048336
2052656
2056666
2062096
2065186
2070880
2074740
2079820
2084230
2088825
2091895
2096345
2099033
2103133
2109233
2112843
2115513
2123883
2128213
2135103
2138783
2142922
2146002
2149454
2153905
2155845
2159085
2163665
2166685
2174025
2179185
2183015
2188735
2191295
2195715
2203876
2210076
2214316
2217396
2221169
2224289
2227529
2232019
2235829
2239799
2245209
2248949
2253269
2256139
2260849
2264299
2271478
2274168
2280218
2283818
2288798
2291798
2315698
2329322
