3820
8010
18730
25520
30112
33002
42382
47642
57732
65982
77242
83622
94002
101622
121141
133541
147561
160461
166448
189008
195508
211168
221708
230708
251548
265988
276414
282004
300105
308975
323465
333615
351865
363805
372885
381815
399322
409052
435172
453446
463396
470306
480626
489426
499876
510416
519996
528206
546096
558816
569622
578442
590172
596142
601782
607632
620462
627447
634503
642563
649443
656643
661243
666813
676583
683707
693187
701907
713690
721360
729906
736496
752406
767851
782331
792771
801141
807811
819353
829373
856564
890184
898722
906354
918658
932748
941727
948767
972690
993210
1002400
1012200
1022310
1032570
1043780
1053680
1060627
1066437
1081253
1096563
1102173
1107083
1115563
1122313
1131953
1141903
1147393
1151573
1158593
1163945
1174105
1180855
1193105
1202785
1209822
1216262
1225092
1230582
1242422
1253432
1280900
1300840
1317390
1333620
1348250
1361400
1377193
1393283
1409863
1424243
1434173
1443293
1451092
1460252
1469312
1476771
1487361
1494671
1501191
1507371
1513872
1519412
1525492
1530312
1536822
1542392
1549712
1555572
1562045
1568045
1576385
1582065
1591517
1597907
1603097
1606861
1613371
1620191
1625505
1633789
1639909
1648869
1661579
1670759
1684270
1694320
1702900
1712980
1724260
1734474
1740432
1746576
1758416
1769496
1782346
1794702
1810088
1821844
1831610
1837987
1849057
1857677
1869187
1882090
1893389
1905909
1918063
1928577
