3230
7380
14681
18040
20940
24650
31778
37688
58358
71298
80808
88858
97808
106028
123291
139661
152791
163011
175471
187741
199681
209161
216951
224351
235995
245245
259195
270225
281366
288552
327704
354074
363656
373666
382026
389186
406756
420986
450929
467389
485818
499578
509930
517650
530110
537150
563659
584199
597035
606685
637546
659076
668872
677716
703746
725396
738546
749774
773134
793035
813675
826875
847683
863543
886163
901013
909383
915124
928633
938751
960003
973473
994114
1003954
1019403
1031663
1053585
1070923
1080926
1088326
1099093
1106854
1118144
1124994
1137434
1143814
1162287
1175047
1184917
1194997
1215356
1228586
1251412
1265342
1284873
1300253
1323581
1343411
1355861
1366539
1390779
1405549
1412639
1418029
1425779
1429949
1446374
1457804
1472654
1482458
1499088
1510998
1524268
1534348
1558232
1574922
1595012
1610872
1628762
1643752
1658161
1670728
1686465
1700345
1709645
1715765
1737832
1753062
1766912
1780832
1787612
1793552
1803208
1809368
1820149
1826389
1842561
1853151
1859511
1864471
1880891
1892661
1911258
1922408
1942222
1954672
1971248
1982078
1992188
1999448
2021218
2033358
2055933
2073533
2093564
2109704
2130805
2149465
2165425
2180185
2193705
2204365
2217785
2228045
2251745
2275485
2287489
2297769
2312839
2323539
2338959
2350989
2362779
2372239
2384399
2396729
2411489
2424198
