2580
6790
13290
20730
23670
30970
41440
49450
58355
65975
75355
84645
93048
101216
113480
122090
139840
155400
162680
169630
193304
215534
222844
228814
244184
257074
268784
280164
292526
304672
312172
318272
327962
338092
358639
377019
388229
395429
405279
412775
426675
438575
446105
453155
465639
473479
486965
497035
512785
524465
546515
563275
572875
583145
598972
613412
623962
632112
649962
666022
670952
676142
689332
699272
712722
726082
744182
761432
771282
778752
787192
791952
803282
815502
822427
829647
847487
862427
875403
886433
912446
933947
950017
964637
973387
980277
987936
994852
1003534
1010962
1028566
1043536
1065964
1084074
1101114
1117084
1126954
1139054
1150334
1158304
1170934
1181474
1196133
1206613
1222206
1236076
1249486
1262426
1269926
1276256
1287426
1297306
1305466
1312336
1321256
1325736
1344376
1357246
1362136
1365456
1378147
1388177
1400677
1412297
1423017
1432867
1450527
1465307
1478177
1487377
1497747
1510017
1516143
1523643
1537383
1549433
1561943
1572379
1583319
1590997
