2440
6620
12440
14270
16800
19070
24820
29284
37782
44492
52543
59833
67333
74173
81313
87123
106073
121253
150623
172393
188013
196308
202727
209176
213876
218336
227645
237295
242380
246580
253689
258879
269867
278677
283704
288994
295484
301534
313814
325774
341034
348664
370543
385363
402026
413216
431476
442436
467116
482826
498667
509597
517779
524226
539996
553516
583256
607006
621026
632436
653301
670311
679861
689931
701921
708541
725591
737738
744687
753297
762289
767749
783789
795181
809587
820347
836503
847011
869921
883101
906076
923736
942626
954976
966486
976816
989849
999799
1008916
1017406
1027776
1036946
1055566
1069096
1090580
1106085
1130932
1149908
1158478
1163798
1179878
1192788
1204408
1211328
1221128
1230533
1242538
1252668
1272838
1286028
1297148
1305018
1322308
1335358
1344067
1350967
1368126
1381538
1388968
1392777
1407937
1416551
