3720
7870
16790
21390
23580
26550
30440
32700
41680
47454
56508
61018
79575
92635
111507
123687
132404
137434
144771
151541
181451
200371
211761
221841
237750
253270
264180
276707
293307
308172
331181
350525
371405
386015
399485
411145
423187
433187
444747
452173
477423
496933
517353
531803
544653
555263
571613
585503
592883
597413
611790
621550
629960
638680
660681
672311
682531
691911
712861
729021
741611
751661
767021
779771
800471
816231
845921
865401
893815
911604
