2410
6520
16889
25999
33568
40320
45160
49960
74276
94426
119126
141336
177986
198996
212916
225786
233496
240156
257646
271546
285612
296767
304235
308595
318378
327168
346718
364598
374921
384682
394060
403230
413685
421589
437799
449924
461723
472623
501053
525383
545273
561163
572163
581146
595276
608716
623126
636566
650253
662043
675563
686383
702553
713935
724855
733975
750062
760172
772582
782972
797402
807152
824632
835622
860995
875125
902906
923906
939952
949742
1005709
1046689
1076966
1096356
1144426
1188203
1204553
1216303
1231330
1239067
1259237
1269241
1275389
1279616
1283972
1287032
1301696
1311566
1322224
1330524
1340554
1347294
1353684
1359614
1367245
1372855
1387667
1397957
1427610
1439900
1503885
1557596
1597085
1625825
1648835
1664285
1739145
1786272
1797552
1804028
1846008
1865718
1882143
1892361
1905331
1916021
1927741
1935611
1965941
1982071
2000594
2013994
2021925
2027475
2038166
2046968
2061148
2071298
2078648
2084958
2093188
2098858
2114718
2124128
2135898
2143398
2153963
2159399
2175598
2187528
2196399
2201744
2215331
2225561
2244991
2257931
2282211
2297112
