3870
8010
21810
33620
48680
60760
88450
109760
122350
127960
139100
145060
161700
171240
186750
199080
213030
223940
253230
272044
283424
293624
304474
313374
334442
358781
377651
391091
412951
429851
446538
460403
479113
491953
499282
505362
520082
532000
549930
568610
577260
585130
603580
617610
635228
649728
667458
682488
694688
704918
711828
718388
726798
734338
744688
754378
766798
776040
782150
786960
794990
802190
831740
853520
869750
880390
912690
934920
945690
954950
961930
967312
978112
988042
1016982
1033702
1044182
1050392
1067082
1081262
1092102
1098952
1110742
1121032
1136082
1146742
1178792
1198962
1207988
1215158
1225948
1239598
1258669
1276479
1287749
1297189
1302555
1308105
1313910
1319680
1331635
1343985
1350466
1357026
1364936
1370986
1378716
1384616
1398246
1408270
