2460
6510
26626
41656
54345
65525
81685
94425
103435
111345
124118
134098
145907
154447
166692
175272
197362
216552
233570
244970
268105
284255
310749
331879
362699
383319
403739
424929
440329
452699
462419
471159
476299
481079
484979
487099
513301
540161
543311
545772
548212
551012
553532
556982
570812
580142
583142
585282
595512
605612
618922
629852
635662
641482
660423
675053
692598
704438
723818
735808
744458
752678
767188
779428
797373
814977
826287
833617
842678
850782
861452
870042
883992
897363
918353
937523
946363
954813
973519
992389
1019176
1037376
1053042
1065762
1081502
1095372
1115466
1136946
1158659
1175439
1199087
1216479
