4090
8510
12555
16101
17811
19461
22686
27286
29587
31197
35677
38797
49497
54837
61609
66179
77567
83977
97127
104057
114637
120457
134747
144747
158900
169430
179811
185739
199718
209458
224676
232219
239979
244269
249359
252869
269338
279328
292168
300597
311227
319807
326897
331357
339797
345607
360477
369787
375867
378877
384762
388402
395102
400930
406290
412040
431900
438330
446230
450260
463205
469295
478822
485062
492172
495402
508932
516562
527485
535305
544425
551095
566891
575941
585391
591481
601923
609153
618002
624812
642846
650216
658486
663076
668936
673016
680358
686828
692588
696558
705898
715038
724848
730518
755818
772338
779108
784138
792528
798148
805391
809999
818939
825075
836905
846985
856541
861591
870831
877851
884391
888861
896091
900485
906235
910565
915545
919235
925145
928299
939786
946795
952185
955910
964160
969400
976610
980590
986900
990350
1003350
1010050
1020740
1029510
1040630
1047820
1056242
1065262
1075841
1084511
1095243
1101513
1112333
1119013
1126033
1132313
1138611
1143771
1150633
1155283
1161833
1167603
1177103
1183913
1193873
1201813
1209839
1219089
1229049
1235279
1246239
1252019
1265573
1275683
1284823
1292123
1303253
1311408
