3840
8160
15900
18980
21470
23950
27350
30340
33890
36725
42930
50140
58196
63076
67976
70986
78587
83727
88187
91637
98490
103750
113995
123535
127175
130455
134439
136759
141561
144781
149983
153563
161683
167353
172102
173892
178593
183238
190308
193724
198451
203111
209471
213261
219491
225362
232872
236742
241492
244252
247614
253024
256344
260024
266574
270204
276228
282227
286167
290757
299447
302807
309747
316357
321357
325177
331387
335327
340218
342964
351444
356546
364576
368136
374226
378926
384166
387996
392628
395748
399438
402105
406875
410075
412175
414715
418185
420275
424185
426615
431395
434435
440655
443055
448235
452140
456257
459927
463817
467157
473454
477444
484314
488015
492717
497308
505298
512338
516858
518897
524437
527797
533238
538629
543829
549699
552318
557365
559145
562765
567795
570425
575675
579275
585488
588668
593908
597478
603618
607098
611958
614846
622266
626988
632588
637408
642558
646968
655138
657674
661674
664524
669125
672845
678265
680885
687105
690645
698706
701156
706546
711846
716516
720636
724946
727275
730945
734465
738585
741785
746125
748505
752255
755275
758385
760335
764305
768386
773086
775806
780726
785396
790486
794766
798846
802086
805620
808180
811021
813631
816674
819814
824844
828854
831974
834164
838264
841774
845144
847817
851195
855005
858705
861745
867085
871595
879016
883326
888401
892691
896081
899151
902771
905591
925341
945061
949411
954886
958832
961712
967932
973762
979202
982162
985662
988992
992099
995199
998729
1001059
1004109
1005999
1009919
1012919
1017857
1022497
1034777
1041724
1046064
1049754
1054471
1058119
1062149
1065379
1069239
1071689
1075346
1077806
1081416
1085166
1088486
1091386
1095126
1097886
1101566
1104526
1108640
1112020
1115800
1119300
1124630
1128550
1134310
1137564
1141784
1146404
1150234
1152864
1156164
1159494
1162724
1164504
1168274
1170934
1175084
1177994
1181674
1185344
1188855
1191805
1195505
1198915
1202613
1204883
1209853
1213963
1218723
1221783
1225463
1229403
1232353
1234703
1238203
1241113
1244233
1247673
1251973
1255533
1259883
1263783
1268953
1272323
1277253
1280533
1285053
1288563
1292463
1296323
1301013
1305963
1311843
1315349
1319399
1324369
1327269
1331709
1334709
1338929
1341709
1344059
1346319
1348139
1351759
1353619
1360519
1363249
1372189
1379109
1382776
1387166
1390896
1393420
1396400
1399760
1403380
1406020
1409198
1411164
1416114
1419594
1424834
1428524
1432024
1436394
1439474
1441484
1446034
1449374
1453354
1455974
1459634
1464714
1469794
1474554
1478163
1480079
1484249
1488069
1491049
1494599
1497319
1499728
1503280
1505350
1511736
1517566
1520859
1522669
1526119
1528689
1533425
1536635
1542535
1545405
1550205
1553642
