2420
6130
11414
16334
19384
23784
30942
38652
47972
56802
63849
69389
78509
85796
92827
97547
106948
117658
124288
129498
137378
144468
150018
153597
160173
168053
175853
181893
187223
193043
207123
212077
217947
222987
231477
240617
247438
254798
259348
263438
269978
274678
279890
286150
305560
321004
332914
343154
379074
402144
411814
418434
446436
467268
481388
493828
505108
513678
527304
537114
544284
552164
557444
562459
571009
580549
586579
592539
601024
607524
618614
629154
636854
643274
648844
654244
658724
661704
668564
673884
680934
685504
694384
704444
710344
717314
726274
735584
747618
762128
770139
776289
782039
787599
794329
799278
807928
813998
821768
827928
834958
838888
848375
853612
859432
862957
868597
872497
879507
884057
891510
897920
903963
907503
913613
917813
922473
926713
937853
947503
958743
968613
978683
985323
994399
1000699
1007484
1012284
1019024
1023524
1034424
1042214
1049824
1055374
1058674
1061164
1064840
1066350
1076370
1080360
1087680
1091970
1101530
1107689
1115579
1122249
1128939
1132019
1138029
1142589
1155045
1166915
1175589
1182809
1187275
1191745
1196655
1200285
1205725
1209835
1213790
1217155
1220765
1223095
1228825
1234085
1238535
1241325
1246885
1250275
1258975
1263635
1272485
1279515
1285635
1289585
1297505
1300907
