3790
7770
14210
18700
28830
37270
65541
85711
100141
112351
134521
150791
187051
209391
239641
261631
295127
319737
351317
372397
391185
405565
412385
419275
423955
428435
436105
442205
446695
451895
469495
480745
497572
508222
518637
532853
544643
552605
562085
569825
593725
607475
636295
658455
678505
695165
730415
756185
769465
781145
788805
793739
804599
813729
823575
831175
838285
844025
863433
877803
884686
888716
898496
903716
919116
929124
938454
943224
952904
958004
969224
975804
989888
999218
1009442
1017313
1051316
1076926
1084602
1093502
1099802
1106972
1124669
1139239
1163395
1180695
1193585
1202245
1213275
1223475
1239805
1252208
1270458
1282168
1303968
1321788
1331508
1338248
1360208
1374848
1382968
1388088
1402714
1411308
1430313
1440563
1458373
1469903
1480623
1488353
1501753
1510413
1522123
1530703
1537391
1542931
1551551
1560161
1569731
1579661
1592257
1603257
1613195
1621025
1628255
1633445
1644605
1652935
1661925
1669064
1680524
1692754
1697424
1702194
1719214
1736064
1752034
1765884
1780334
1791714
1798528
1835228
1840827
1866317
1875037
1883327
1905617
1923587
1936497
1949287
1966697
1979703
