2610
6440
10342
15563
17178
21838
31440
41510
50630
59910
78522
96372
104534
111884
136924
157832
173102
188722
199732
211522
222961
237191
250291
260811
274541
290131
301279
310849
316889
325409
337022
347594
359814
369624
379565
388345
401405
412405
418465
422785
434565
444465
466415
483985
497725
509955
515705
520654
527352
532992
549118
560030
577015
588265
598395
606825
643715
666985
686795
702905
710585
717924
728574
737674
744204
748275
759410
768500
791730
808800
827550
844280
851343
857633
877153
893413
900053
906502
916522
925517
943195
956453
963523
970390
981270
991330
1009065
1020724
1030534
1038944
1047394
1055104
1066634
1076894
1102074
1112624
1121534
1129514
1138754
1146304
1159389
1171099
1180489
1189349
1199999
1206938
1214128
1221228
1225004
1228444
1238504
1250784
1268054
1286494
1295464
1303478
1314878
1325378
1335578
1342558
1357302
1367079
1382731
1395591
1405501
1413111
1420141
1423961
1449261
1465781
1476821
1487741
1504536
1517796
1547096
1567666
1581833
1590833
1599233
1605693
1614423
1621103
1628503
1632953
1639223
1643583
1648533
1662133
1667743
1679003
1689422
1696592
1708528
1714438
1730218
1744038
1771868
1793028
1801068
1807358
1819218
1829298
1836368
1842138
1863258
1879368
1895228
1906068
1917738
1925498
1945948
1958069
