3790
8010
11798
16678
18218
21728
30312
36512
43842
48972
69872
84762
101914
112854
127994
132784
140524
145948
159418
172418
189288
198708
214608
225998
251928
266508
275548
285538
308001
324941
346031
360896
380426
395896
409266
421056
426853
432043
441723
448296
467246
474956
493246
506906
527466
538536
549586
557856
568346
578636
600696
617316
630236
637296
649146
658346
677466
687336
706566
719146
740976
754936
769036
780396
785036
788526
799526
809686
824536
837666
847866
855756
868179
876279
893629
905809
929899
937356
957272
974432
995642
1010662
1020372
1029072
1039592
1047842
1060222
1072342
1104062
1131947
1147283
1163490
1179960
1190260
1215330
1235000
1243801
1251201
1261817
1268297
1303467
1328087
1341822
1350292
1362752
1371118
1392406
1406223
1419953
1427705
