3790
7930
12720
21360
23100
25503
33423
40643
46753
54493
74053
86393
99043
107833
130853
147293
167093
177763
191293
202250
217100
227700
246180
259990
276534
287284
315957
342837
366327
387307
417362
445410
464860
476220
485123
493833
510252
522082
530562
537942
551972
564142
580962
596572
617956
634226
658746
679676
695836
713086
721676
729386
740996
751026
765236
779376
789956
799946
813776
823376
831366
838388
847948
853938
858538
862538
873414
882934
888434
894614
902084
907394
920914
933144
941644
948212
961332
970982
976652
981572
994192
1005722
1013204
1019894
1031977
1040057
1047597
1055177
1068557
1081427
1102812
1121442
1134784
1142504
1156054
1167534
1189184
1208404
1221334
1233884
1245754
1254584
1273124
1289504
1312850
1330300
1340460
1349860
