2440
6420
10035
12295
14015
16355
22375
27595
33455
39169
46129
49688
54368
57508
63522
67502
73672
80282
89461
98361
106221
112981
124921
133751
142037
148077
163240
176430
182620
186330
194260
200290
206757
212377
221538
231048
236978
244308
256698
267158
276988
286478
293111
299041
308947
316637
335879
348999
361239
372239
380829
386209
398036
404526
410506
414626
422974
427924
445884
454584
464664
472864
482386
488486
515256
532686
553556
566862
573323
590213
595773
607173
616713
624343
632793
639013
650223
661023
670037
676217
685767
693117
701007
705757
715237
721529
731119
737309
745419
751519
766749
774671
786341
795081
803451
807841
819961
829651
840181
849261
856021
860681
874992
886962
894582
900842
912212
918652
928652
935942
943471
948681
956529
960949
968669
974719
985929
995949
1006857
1013657
1023867
1029427
1041697
1049402
1057452
1062592
1083642
1095942
1105652
1111842
1121812
1128505
1144125
1149655
1159645
1165725
1173784
1179294
1185244
1189354
1195564
1199424
1216294
1226714
1235604
1240384
1247443
1251043
1259243
1263143
1268533
1272163
1278653
1282623
1291833
1299533
1307284
1312714
1318457
1323977
1337283
1346513
1353783
1360123
1367893
1375053
1383223
1389353
1399793
1407392
1419882
1431702
1442492
1451359
1461529
1468569
1477249
1482659
1492739
1498001
