3960
8100
12680
19080
20320
25350
32580
36342
48522
56922
79172
92242
105322
115138
120148
122738
135598
145788
157350
163720
185320
196770
211060
218510
230480
242040
254265
266895
277805
286075
296293
305663
322823
333880
357809
373339
384659
393539
406438
417448
426988
434048
456028
466488
476524
486804
505784
524094
540224
553674
569447
579177
592527
605267
614417
624927
636327
648114
658434
666424
676464
685517
695947
706757
721627
737037
744691
751301
762351
774061
787791
800977
807537
814187
823627
832061
