2150
6010
9238
14318
16028
20928
33545
45515
64104
81374
93204
104482
113014
120854
132544
141344
158024
178174
191264
205094
227604
246014
259105
273855
292795
308095
316609
325979
335239
342079
383899
424359
439336
452366
476276
500364
516098
526093
536933
544713
566260
587180
604130
621410
630910
640730
651107
660867
674857
688967
699378
709178
733978
753155
761085
769945
782431
795957
810159
823239
839919
852009
862609
872020
885700
897590
913460
926270
939163
954073
974863
996894
