3980
8184
15881
18941
30829
39478
46993
53462
62142
67272
76633
83413
95717
105007
116394
125314
132314
136314
149424
156584
161503
171393
175323
182913
190393
198063
203301
207501
217981
226371
238921
244331
257031
264981
273881
278350
286147
290037
301457
309252
316202
319932
329294
334214
348904
360374
367067
373587
379837
384937
390607
394157
403752
409882
420742
427832
437682
444302
453602
462432
484182
491992
499912
505217
511444
518094
526334
530904
544705
548486
557036
561306
573309
584889
595430
602666
614258
622978
632348
640598
646954
652324
660824
664964
671980
678150
684937
690657
699699
708299
728199
739509
