2340
6800
9540
12090
14860
17659
20209
23339
26199
29189
32749
36939
39799
42889
46689
48979
52709
57339
59939
64269
66639
69319
73709
76106
79586
82326
86146
89686
96078
102888
108248
113068
120728
126268
131218
133858
137338
141158
147115
151233
154971
158851
164531
168331
173051
177481
186011
192811
197841
202511
210221
217201
222741
227521
232281
235741
243171
250101
258451
265071
272831
279521
284531
290001
295251
298701
303061
306071
310411
313941
318591
322071
327417
331417
338047
343047
349427
355462
360652
366392
372475
378905
384345
390135
397805
402385
407745
414095
420735
428305
434365
438475
445485
450415
456745
462325
466765
471455
477538
482488
490698
496433
506313
513243
521484
528084
533194
539964
543874
549024
554114
557134
562514
566894
573205
578465
583365
589265
597595
608565
616415
622742
