2360
6740
8910
10230
12930
15210
18018
20591
22951
25154
26858
29098
30858
32878
35868
39898
42508
44658
48544
51910
54707
57857
62017
64807
68757
71457
76047
81547
87277
91997
96887
99717
112057
122147
127227
131567
138304
146084
151694
157954
164994
172044
188494
200554
206426
210926
217046
222776
229136
235436
241137
244327
249887
255977
261287
267597
276077
282187
289047
296417
301937
308234
313714
319344
326064
330764
335544
341074
347524
351972
356862
360772
365912
371162
377432
382722
392572
401382
404862
407817
413577
418867
422867
427097
433010
439100
446310
453540
461043
466630
472460
478930
485130
490120
498419
504879
513619
523579
529769
535624
