2520
6920
9870
12037
15357
18707
21792
24562
27873
31783
34643
38233
41009
44369
46975
49715
52218
54568
58228
61928
65618
69588
72653
75574
78994
82404
85291
88261
91511
95341
98410
101500
104800
108850
112016
115986
120146
124066
126844
129853
133403
135883
139763
142843
146818
149468
177608
192788
196538
199098
203890
207470
227570
237160
249180
255910
270650
278870
288772
295452
310279
319167
341337
354267
395497
419857
422984
426874
430804
433844
438874
442227
447237
451707
455327
457637
463066
466056
471909
475732
480212
482550
488220
492320
497123
499903
504507
508167
512727
516497
523007
527097
530717
533917
538907
542487
547367
551537
556135
559755
564995
568235
571356
574386
582816
588166
591716
594586
598153
601453
609634
614554
621044
624314
627144
629260
633987
636341
640001
644496
646876
649206
653252
655152
666612
670964
