3910
8870
14240
17810
25270
30530
38670
44970
53880
58968
64878
68228
75428
81238
91218
98018
107628
112613
122324
130744
137365
142815
150293
153803
162583
168773
174263
177912
184864
190004
196994
201934
206284
210094
217264
223354
229344
235634
244874
250204
257784
262474
266434
270294
278774
285024
288464
291563
302013
310553
317713
324233
329353
334513
341823
347813
356909
363719
368419
372099
376009
380289
390269
397959
404335
411049
415159
417999
427669
435479
441656
445886
452916
458216
467406
476356
482888
487380
491257
500040
503290
509210
515170
518660
527750
535550
546510
552000
557630
560716
565696
569776
577726
585716
592338
595538
604801
611851
618381
621551
628532
633572
639702
645422
650112
653382
659389
662939
671729
675349
685329
689041
