3890
8160
12440
14090
16464
18837
22138
24178
26078
28218
32538
35488
39908
42418
48678
52968
56988
59198
65105
69485
73945
77135
83415
87085
91675
94575
101605
104995
112635
115415
124955
128275
135445
138925
144435
148345
155626
158986
164086
166936
171678
176318
182798
186068
191237
195087
201530
204920
212210
215690
222855
226355
231815
234685
242986
247496
256460
260050
268034
274554
281584
285194
290226
294916
302086
305496
322726
333639
340134
343814
354214
360404
367374
371224
379674
384794
391434
395094
405593
410323
417013
420843
433463
438841
446643
450193
459403
462403
469884
474064
484714
488584
494594
499254
506284
509764
513424
515263
521193
525003
529863
532673
539703
543109
550029
553099
559919
563639
575539
582419
589129
592549
604008
609978
616568
620258
626878
630608
637187
640667
648603
651953
660559
664249
670049
672809
680059
683899
691019
693329
700179
703639
708587
711327
717937
721547
728807
732857
739737
743197
748027
751067
757617
761277
767597
770787
777907
781589
791599
795339
802705
806345
815235
818445
826585
830065
839895
844783
