2430
6240
9290
11270
14430
17260
19890
22760
26310
28620
31780
34500
40030
42590
46614
48664
53704
58294
63304
68284
72164
76194
80624
83114
86386
88096
91153
93573
97153
99653
103056
104756
109276
111526
116766
119166
125145
129065
134075
137545
142205
144185
148635
151305
153733
157103
160673
162583
168233
170563
175883
179603
184283
188133
193243
197273
200173
202953
205873
207693
211003
212523
216006
217596
220686
222206
226695
229875
232925
234625
241395
244495
247855
249439
251619
253459
255849
257819
261279
263529
266929
269649
273885
278275
281305
284355
287935
290115
293324
295504
300304
304254
308934
311964
321344
328324
332874
334994
338534
343894
349121
352931
360401
363951
368711
372371
375511
377982
381992
384902
389061
391521
397021
400301
404991
408281
411821
414621
420331
423161
429541
433361
440591
444311
450661
455621
459291
461801
467531
471221
478009
483499
486269
488759
491539
493809
498739
501449
508049
512249
519092
523952
528542
531622
538412
542522
548372
553942
557872
562312
566662
570352
575079
579389
583629
586429
589659
591269
595159
597979
602123
604720
609420
611790
616990
620100
624155
628175
633155
635595
641576
645476
649859
653209
658251
661331
666451
669141
674411
678881
684296
686706
690496
695636
703856
707086
709906
712336
714902
717222
721945
723895
729205
734703
