3740
7670
15096
19336
24258
28098
32798
37138
41878
45288
47656
50306
52786
54886
63466
70746
73879
77079
81349
85349
90689
93969
100239
104129
108775
112645
116605
119715
124165
127355
134443
140793
146743
149188
158550
165610
168380
171180
179060
183008
185868
188538
191442
194432
200142
204552
208702
212272
217792
221132
225232
228112
236962
240412
243272
245442
251505
256585
262715
266965
272675
276845
282815
286695
295702
302472
314753
321073
327986
332166
336778
341108
344400
347760
352183
354688
359178
362208
371588
378548
382738
386468
395320
400150
408580
414880
425030
433500
442610
450130
454822
457981
464279
469239
473759
477399
486799
493139
503219
511229
516569
520049
533432
543232
551412
554771
