3820
7990
12661
17931
19391
21411
28681
32461
36801
41249
45749
49589
56011
60701
75543
86213
90715
94235
102436
108166
114366
120566
129016
132846
141906
148796
154096
157146
164326
169306
174426
177486
184384
189014
199327
206617
215102
220042
229572
235522
241449
245079
248797
250927
254237
255977
258593
261253
270583
278953
296873
304793
308803
311063
315937
318097
322645
325175
329363
331263
337064
341394
344414
346804
355778
360548
367968
371700
376836
379986
384896
387826
393076
395576
402446
404506
408286
411166
414336
416156
420966
425076
432226
436026
442880
446600
452750
455450
459889
463219
466718
469748
473931
476411
482141
485521
491241
494851
502131
505871
511821
515441
519523
526033
528713
532441
