2340
6410
12120
15940
19702
22922
25522
28902
37364
44304
47314
51014
53813
56243
58573
60423
64007
66483
69713
72883
75653
79293
87103
95863
98703
101033
104243
106593
111146
113946
117766
121226
123693
125353
128523
131603
134047
136270
140230
142812
146172
148572
151306
153466
156476
157806
163956
166286
170394
173812
176692
179174
182934
185494
190675
193575
197725
202545
206095
208618
216128
222088
229918
234418
239568
242638
248428
251020
255850
258610
265500
268160
272671
278121
281701
284468
290268
295809
299689
304764
311334
319124
325644
330544
337734
342534
351214
355983
365856
372541
