2200
6090
8560
11180
12770
14470
16540
18550
20770
22980
25160
26800
29328
31318
34688
37198
40299
42459
46319
49059
52509
54759
58317
61727
65807
69257
71334
73754
76694
78854
81794
84304
89054
92984
95411
98221
101091
104531
106811
109881
112481
116271
118091
119431
122131
125301
127901
130181
134631
138661
142071
145021
147361
150056
152806
156286
158686
161404
163630
165107
168317
170288
226948
265588
267698
269770
271810
273995
276225
278465
281395
283825
285975
287815
295095
298175
302305
304845
307655
310475
314900
317460
319380
320850
323300
325474
328744
331884
334874
336675
341545
345005
348805
351465
354235
356545
361245
364508
368208
371148
374968
377048
379738
381188
387478
392548
396304
399454
402754
406424
409514
411574
421264
428025
