2140
6080
9320
12360
16053
20133
24709
28139
32685
37105
41275
43998
46989
50369
52839
55079
57079
58869
61159
63539
68211
71171
73507
75239
78608
81178
86930
92080
96730
100250
102987
105243
109022
111862
116212
121199
125269
128189
131789
135629
138873
141853
144083
146183
149829
152369
154893
156486
160067
162767
166693
170913
174423
177883
181013
184913
188283
191243
194441
196921
200701
203571
206451
209061
212371
214791
218672
220729
222819
225169
228269
231959
236799
240049
244659
247514
252092
255782
260532
263722
270922
274869
