4180
8430
11540
14100
17640
21160
23210
26670
29607
31984
35024
37154
39634
41644
45774
49014
52434
54874
59204
61924
64549
66929
69489
71879
74430
78500
80910
82450
86540
90160
95000
98220
100740
103990
107920
110130
113360
115970
121300
124250
130930
133710
137760
141140
143580
145120
149720
153620
158320
161330
164306
169566
172326
174426
183876
189176
194576
197436
204566
209726
215756
218926
223746
227476
231856
235586
239186
242626
246956
250166
253706
258163
260913
263943
268863
272003
278703
283803
288713
291571
296941
300041
306121
310291
314851
317041
324741
331071
335921
337811
342691
346001
352691
357261
362460
365340
370800
375078
380408
383678
390968
394662
