4340
8875
12491
14742
18612
21432
24142
27182
29422
32892
35372
38742
42001
44871
47351
49921
53271
55981
60021
62901
66571
69671
73384
76354
81240
85790
90480
93130
100548
105038
108669
112329
115249
117989
122391
126151
131941
136101
141705
145465
150255
154655
159653
162723
165823
167803
171413
174083
179463
183543
187766
191596
195966
198966
204026
207326
211706
215906
220146
223186
229065
236265
239811
243701
246481
249231
251608
254598
256858
258368
264248
268088
275308
279388
288908
298078
315876
326851
336481
342551
368461
382755
