4150
8430
11319
14099
16669
19859
23079
25149
27469
30499
32762
35382
37522
39892
43592
45432
49032
51642
54242
56392
61832
66712
71022
73622
77958
81698
86238
89328
92778
95458
98657
101757
107187
110927
115949
121219
124626
128486
133196
138126
140925
142755
145445
148155
151355
153875
155584
159032
161362
166432
172478
178798
184468
188378
196338
199177
203317
207637
210867
216547
219394
223935
226255
231425
233886
237586
239806
242826
251581
254130
258790
262640
266395
270135
272764
275482
279742
282511
284831
287731
294181
298051
304451
307821
312581
316401
319951
324271
327451
331911
337181
340841
351701
359846
