4145
8215
10346
13346
17366
19576
22086
26326
30646
35226
37587
40277
43887
47177
49967
54257
58803
60041
62991
66871
68741
71431
74831
78331
81731
85101
88181
91331
93051
95291
97361
99947
101897
103737
107484
111154
114557
116927
121187
125287
128587
130827
134587
139097
142207
147167
151254
155264
159924
162274
166921
169371
173208
175438
178629
180999
184019
186219
188539
191619
194379
197399
200079
202459
206259
209174
216394
218844
223218
226658
229788
231988
235458
238078
244868
249678
253538
257308
260491
263501
270181
274891
278501
280321
287511
290778
