4150
8510
10980
15079
19339
21559
25899
30659
36800
38830
42770
44610
49200
53410
58811
62721
66391
69191
72891
74761
78311
81991
84901
88081
93411
97561
104340
110780
117580
122150
128498
134008
137778
141206
148106
152936
159076
163296
167276
171556
174079
177059
178819
182549
185659
190539
194279
196509
201249
205179
209002
217560
221220
227560
230181
233951
236121
240171
247081
250731
254961
258161
263821
268168
277268
282288
286488
290178
296798
302048
307228
309558
318258
322360
