4541
11122
17684
26585
38458
47473
57864
68467
77877
88432
99754
108025
114345
133999
148609
155040
165200
180072
186593
204707
228298
239559
262641
282096
294148
325482
360417
378184
391967
408791
433396
451191
463046
486927
499856
515823
532631
543946
559138
570396
585212
604044
611122
617304
628299
636036
645327
658191
672594
692956
703957
715729
723648
730263
756864
769520
777200
795912
812961
827794
849198
904521
925517
940777
954014
963826
972901
990660
1007952
1025314
1040697
1061231
1071012
1082152
1113272
1128484
1151985
1159349
1170263
1193601
1213533
1226431
1236618
1265790
1281599
1332854
1345361
1375378
1384639
1408150
1432227
1460025
1472103
1500404
1515257
1526230
1549110
1563588
1576540
1588254
1597517
1615921
1680802
1690759
1702503
1722107
1736932
1749121
1763929
1791831
1807123
1822912
1836426
1862096
1887375
1897887
1908720
1920070
1942153
1951891
1976658
1993041
2005376
2021126
2040326
2065513
2090237
2103487
2121018
2136550
2151049
2158075
2173288
2199537
2211727
2223798
2253588
2271297
2279433
2294369
2321300
2333831
2352479
2394018
2424671
2452936
2468258
2473779
2489933
2503160
2530475
2548073
2554475
2564870
2576219
2590835
2603488
2614703
2634267
2652368
2663129
2677614
2684887
2693326
2732194
2760269
2770500
2791832
2807500
2819339
2840572
2857589
2871180
2892808
2919000
2931461
2944379
2996060
3030980
3039824
3053497
3066184
3079676
3092058
3121135
3159627
3176868
3236228
3253732
3276326
3288107
3314285
3319800
3333598
3352186
3364567
3425727
3451877
3479165
3489449
3510003
3523218
3531666
3555263
3567781
3579228
3589418
3599923
3617440
3630635
3645410
3664081
3682708
3725161
3754708
3775421
3798905
3848984
3863703
3888550
3913053
3954790
3980139
3998381
4010553
4024435
4037375
4043096
4082762
4126500
4154716
4194225
4226299
4288134
4314455
4363798
4386951
4416751
4425011
4437427
4460723
4467000
4473657
4493582
4500814
4514654
4558666
4593201
4620472
4671199
4685880
4710608
4719241
4762000
4781236
4820800
4839281
4863106
4894625
4946560
4977037
4996900
5015063
5026687
5060732
5085166
5116359
5143167
5157046
5170526
5184566
5202750
5227643
5253003
5267766
5306487
5315336
5329755
5341966
5355297
5367459
5378821
5492266
5521000
5543796
5568078
5609613
