3629
11810
17300
27210
45591
54334
65790
113701
126551
140295
157001
171556
181147
212551
237751
266952
279273
290105
311518
337493
368399
390169
404966
421473
438490
451371
481062
501392
531801
549616
579540
595519
608191
619387
627209
642583
668444
703435
718100
743958
759101
778310
792962
800386
822913
843098
850060
872202
879311
926420
945949
957500
975847
985122
991053
1019130
1032748
1045039
1051404
1065010
1071301
1105529
1118924
1127800
1161808
1179444
1203401
1217856
1232800
1249134
1257600
1267948
1287626
1318193
1326987
1363367
1374167
1399108
1425133
1448141
1461898
1493646
1501380
1513551
1540080
1549977
1566656
1577471
1584610
1593924
1608882
1628390
1642629
1664667
1673174
1682427
1692013
1713904
1724689
1742096
1756942
1775328
1787068
1820352
1835847
1850370
1867206
1875819
1884837
1894300
1915097
1926554
1959241
1973802
1989624
1997995
2014768
2037650
2065465
2094354
2114239
2123770
2136828
2146892
2160601
2177018
2192121
2201412
2211019
2227251
2239256
2244759
2250001
2262000
2275853
2293820
2310419
2322281
2328847
2337413
2360001
2368852
2380195
2392014
2416228
2437997
2457523
2476058
2488689
2503037
2508156
2524330
2566101
2590191
2656006
2676306
2705077
2715809
2721364
2745264
2764385
2780460
2791702
2798627
2820295
2839838
2848818
2878500
2896464
2907640
2921257
2930521
2942319
2955847
2969420
2981107
2998345
3007315
3021642
3051253
3073724
3092476
3100043
3125567
3136474
3158707
3179211
3197708
3214380
3223337
3232810
3251297
3261744
3281364
3292236
3332241
3337767
3344488
3360548
3384094
3395741
