7777
35437
51705
75226
90000
105565
141743
161136
173168
186463
200969
259705
325891
341732
355774
377109
391127
410212
430992
466312
484891
495735
515856
577709
620234
683304
696911
709135
718955
744874
757177
771196
798799
820696
867300
891968
925680
943993
965276
980796
995225
1009744
1023542
1084706
1097455
1109445
1148764
1185571
1206052
1219984
1230402
1253792
1265347
1273641
1293487
1304404
1327506
1354284
1380567
1413267
1445117
1460093
1482443
1498403
1527164
1547512
1573085
1581207
1586749
1609573
1618323
1630237
1645688
1662579
1682028
1716979
1741029
1789924
1827879
1848543
1863289
1891165
1903324
1934493
1957223
1980184
1997988
2016271
2040973
2057783
2112056
2130409
2149006
2164546
2170201
2180931
2195472
2212876
2222881
2231982
2244164
2274163
2293896
2310833
2325592
2336543
2344397
2367483
2374933
2382328
2401443
2417377
2432320
2447500
2455935
2490070
2516140
2537383
2548436
2570247
2577515
2586863
2598488
2631636
2658809
2673483
2678651
2693614
2719505
2749791
2767215
2783984
2801213
2809471
2826184
2836353
2847199
2859429
2879470
2889796
2905836
2939149
2955932
2977706
2983442
3010113
3016397
3027568
3039551
3052481
3080831
3109496
3120608
3133883
3147745
3156201
3165488
3175247
3196541
3241371
3258714
3282711
3294932
3308521
3352905
