3533
23585
73094
129158
160700
202452
265806
286630
313652
322247
332184
356314
399835
430546
457994
481550
497339
528989
561926
590269
609818
623302
640507
660871
679603
691459
708209
727378
741324
753988
761452
782935
819811
851776
862478
875510
893725
904294
918197
930012
948653
1005155
1029500
1047620
1088486
1119303
1142800
1158077
1208648
1253616
1265136
1286639
1309906
1325368
1357381
1370135
1381511
1402153
1412955
1428921
1453409
1467265
1478569
1490544
1535954
1547965
1573111
1592674
1619140
1635732
1657237
1676494
1706097
1727335
1735055
1757142
1768323
1787788
1801430
1810273
1826513
1843676
1869404
1887106
1898510
1912085
1920441
1935580
1946772
1987541
2003565
2021050
2033642
2053058
2074788
2117013
2133824
2157368
2165226
2173298
2186611
2206579
2214128
2232121
2254154
2274915
2317936
2343736
2362781
2375476
2427272
2439203
2456165
2470581
2492268
2507701
2541064
2565172
2575670
2598107
2608767
