4617
16690
29388
38152
47382
59977
85813
100885
113053
121680
132352
140159
160423
168873
186487
192775
200764
214627
220541
253757
267723
278453
291006
301137
309294
339091
348529
361175
372678
379884
395064
418514
431552
445511
464663
488477
498586
516102
536340
550464
562341
572399
586388
599539
616723
624186
641771
652273
663935
671859
695554
708826
729300
745634
769701
776291
791996
809292
820996
845186
866064
881300
891088
905873
914589
936584
943476
949522
969151
978967
1016869
1048133
1055444
1077811
1091278
1100754
1114087
1133547
1152587
1164850
1197514
1219634
1232002
1250665
1273910
1281846
1292218
1306426
1321310
1342003
1359939
1402527
1426474
1471347
1508100
1525709
1538362
1553928
1571517
1622881
1640344
1657845
1672407
1681447
1698991
1711746
1722268
1736465
1762128
1786180
1801052
1828270
1849614
1861912
1885775
1896284
1910036
1918268
1927107
1953226
1964650
1985948
2007147
2022967
2049918
2075019
2084155
2092480
2128066
2136093
2166798
2176674
2186680
2204242
2212696
2231741
2259169
2279345
2306421
2327130
2344151
2376397
2392044
2416925
2455432
2487434
2513031
2524966
2559847
2569825
2598178
2634483
2663070
2684150
2701150
2710328
2726770
2760263
2798766
2815989
2833803
2850111
2858882
2867412
2894695
2919604
