8020
16229
26646
39987
49591
61994
68946
76015
85704
97649
107493
123337
135167
144405
148875
152388
159728
174506
185470
198931
219704
226028
253082
264222
273987
280530
299018
328963
349237
362723
379310
393340
416203
436986
448780
465782
478027
512835
551391
563599
584892
595457
610176
648149
671450
680993
697780
709642
724751
740692
759832
779306
790565
823923
851305
858908
871479
899227
914660
929863
937022
945038
953834
967269
980965
992896
1005160
1013788
1019789
1048404
1063584
1090120
1103066
1131873
1154683
1173810
1181026
1193625
1199089
1212464
1223086
1233899
1246766
1253275
1261634
1293227
1315091
1333650
1353066
1387588
1397722
1403477
1414806
1428585
1445872
1463567
1481242
1490268
1498835
1507474
1523484
1545719
1557485
1572981
1579678
1594658
1603930
1609032
1615163
1621703
1627884
1634447
1637832
1647743
1652521
1663949
1675866
1685025
1689490
1693941
1697145
1701203
1703799
1720666
1730227
1736480
1754421
1774484
1789750
1808630
1818976
1841332
1850559
1865422
1883210
1892776
1904801
1934706
1956966
1965880
1973911
1993754
2014548
2052984
2065943
2083832
2112029
2124407
2142169
2156412
2190719
2199254
2212045
2226874
2239056
2275753
2302617
2344679
2371996
2380818
2421297
2438575
2451282
2471832
2489679
2506204
2514188
2531073
2545606
2579306
2588490
2610449
2633908
2650146
2656277
2668524
2697205
2708621
2718818
2747799
2762236
2770259
2778559
2783814
2795466
2816180
2827823
2863420
2887448
2915309
2929069
2934673
2941884
2955058
2969074
2991773
3000748
3010625
3021138
3026900
3038302
3050920
3057414
3080245
3089048
3103587
3117382
