4534
22575
39302
46996
59960
70290
81089
104293
111011
123818
140879
163919
184448
201173
208418
219746
239998
261412
267643
293660
304307
311536
322475
332854
352371
367548
389373
401662
413374
431000
445614
461550
477011
488774
510339
524224
548705
568230
582779
599016
611658
642324
676169
695576
713024
725167
738238
756258
787823
805439
818775
827795
844876
861234
881798
893473
903833
914151
929543
937187
967762
978476
990712
1008984
1016306
1042696
1068644
1085404
1094585
1105771
1125892
1137202
1183932
1197975
1217082
1240764
