3752
13444
24523
52084
72010
97884
113254
132209
147379
159815
169389
182259
198692
218796
229987
242946
262308
278852
298317
321046
339078
349041
358541
379788
416255
435931
454618
466804
491388
512246
534572
556430
570570
584287
610994
627825
665809
696243
719301
734666
771586
787551
811158
823907
839271
853127
867912
886929
900840
916126
931363
944517
965837
977867
997927
1017587
1028882
1038848
1050515
1067881
1090731
1114787
1127688
1144027
1159528
1174090
1192517
1214339
1231470
1267842
1296537
1326556
1351551
1364137
1406665
1418608
1427534
1440865
1451407
1468975
1494305
1519481
1531647
1557806
1574748
1593703
1609434
1619180
1637627
1652660
1669361
1692296
1710696
1731493
1760007
1777705
1788528
1803356
1818850
1843671
1868878
1887614
1903237
1917240
1930797
1947253
1962291
1985802
2006154
2027484
2043320
2079938
2101132
2117734
2138341
2152980
2169477
2190523
2214935
2224103
2264101
2281441
2304969
2319948
2337337
2347484
2359709
2379553
2393500
2407497
