4987
12846
35553
58870
84156
105763
117406
131114
137079
151824
168458
184463
207301
223342
232152
263493
278081
288581
314298
331925
346911
364826
417387
452415
515100
531013
550507
577128
598036
607353
622101
646686
656961
666022
681971
709479
723500
740288
754948
772387
782523
799603
810015
819673
830772
851715
865660
876927
883212
903368
913598
926618
936852
951385
968681
983865
988256
1004845
1014568
1034629
1051021
1086022
1095128
1099657
1111485
1121433
1143013
1156638
1178561
1185921
1200201
1230232
1242679
1260749
1280942
1295432
1305017
1315987
1332458
1337699
1348819
1362918
1370043
1392139
1405877
1415319
1420230
1438676
1467460
1481138
1511194
1519402
1533134
1560144
1582480
1591264
1597982
1605578
1627512
1641398
1653110
1666265
1681203
1691394
1713334
1721293
1734022
1757143
1777753
1789134
