8014
19963
28094
50072
56014
73824
89599
117836
136653
147117
160375
169429
193482
209378
225678
237597
250056
284142
304083
314713
333921
343804
349407
362944
373961
382027
391150
413352
432186
454232
462223
492909
506233
517605
532590
547311
560672
570920
585305
594545
616609
626965
642218
659900
681618
693000
709374
723676
742678
763877
777083
787931
805375
817685
833719
840813
858931
879088
894713
906451
925229
948840
970302
989635
1006098
1017333
1037234
1044757
1057753
1073285
1090222
1102807
1115561
1129066
1139796
1145650
1160659
1174039
1201376
1211562
1220698
1248406
1263209
1272700
1297339
1311347
1321877
1342616
1375887
1395481
1405347
1424186
1440343
1459252
1479058
1489599
1496156
1506644
1516159
1525430
1537368
1560390
1573341
1589905
1596228
1606428
1614833
1629072
1646933
1672554
1688472
1699940
1711438
1727057
1740830
1746596
1769615
1777880
1788542
1804322
1822655
1830890
1836690
1857202
