3530
11775
18716
31747
43868
56797
82018
89405
101476
113337
127748
136983
144371
155969
165295
181002
187514
204982
223406
240842
250189
282014
291512
311216
328475
348995
364040
372379
384267
393465
408524
440962
459665
474929
483528
493069
519807
545990
573236
582926
614924
632161
647246
671290
679521
691303
712138
724461
737259
746182
766742
792731
803563
820124
832799
839975
855680
863097
872103
888819
896406
902616
916724
931906
947868
971246
990657
1015675
1041978
1054541
1069131
1074412
1084471
1094286
1100743
1111545
1142085
1161394
1174949
1185936
1215251
1230909
1242056
1258867
1270914
1280759
1292010
1310750
1331834
1340615
1360461
1369392
1379746
1391920
1401366
1406591
1422447
1430541
1438334
1450978
1488918
1511649
1524510
1529741
1537183
1548166
1554851
1567545
1583435
1608949
1627520
1651365
