4308
13602
18946
25512
33542
38993
46225
53974
63423
69674
74994
81728
86260
91672
99957
108553
116541
121242
126699
137551
143878
156444
172092
177797
184758
191397
198685
206973
218168
225235
230072
236975
243163
251755
255702
260130
265312
268919
271947
281575
285150
289274
297393
302375
309608
315003
318775
328017
334392
340305
344690
348713
355900
361836
370910
377136
385220
389358
397074
403311
410006
414779
419019
423818
428478
440309
451404
456572
462733
465756
469805
477484
482504
485826
494774
499754
503555
508345
512730
519135
523505
528899
534092
537142
542901
557184
561199
567652
581906
586807
591428
594778
598633
601683
606398
610161
617189
623252
628179
634331
