4347
14000
31842
39139
46255
54561
60575
73511
81768
92730
107005
123026
139408
153121
173911
183671
188930
196023
205526
210799
219592
228568
242628
254451
264211
282605
299490
322894
343683
353501
373232
389976
404834
427393
438890
465298
489420
501176
517568
529281
539731
555509
561329
575798
588859
599816
605259
612053
626002
640349
647187
658701
667253
677918
687247
694705
705835
712750
720984
736362
749042
772275
786353
800767
814852
828761
843737
857416
867361
891853
909452
929572
950062
961243
972618
993192
1015474
1033389
1047460
1063656
1087449
1109671
1116263
1126273
1136580
1143846
1162839
1170309
1180442
1203424
1218487
1235141
1263400
1285292
1302126
1314251
1328641
1344773
1351659
1360562
1369237
1386814
1397477
1413099
1422362
1435427
1454058
1464140
1475525
1480605
1495113
1505582
1525220
1534792
1546217
1564061
1582801
1587237
1600412
1619750
1628750
1635909
1644270
1655402
1669355
1688280
1699967
1711565
1720853
