3351
20751
32701
40466
54052
69769
81779
104521
115358
129305
137292
146514
170039
183271
189770
208716
224035
235353
251500
263386
278679
289995
297790
323684
333299
345157
353413
363396
374606
385376
397981
411476
420277
440143
453598
464426
476576
485665
491796
509613
521435
530243
539893
547207
566896
577851
595169
611022
619364
629548
633406
655941
665206
679594
692184
706476
716319
733861
749749
771070
794650
807550
821543
832299
850209
860450
870942
884450
895156
910684
925541
939873
947707
958828
966882
975415
986615
997079
1007943
1018065
1028536
1036497
1047557
1057799
1066280
1076801
1086326
1093480
1108516
1120331
1127408
1136699
1146709
1167818
1181378
1192451
1201670
1223662
1238318
1255343
1269459
1286665
1301239
1308842
1320513
1330088
1338867
1352339
1359632
1366764
1382038
1397737
