8103
17530
31016
33956
39207
52648
62162
70503
76642
84938
97531
103609
111924
122504
140242
159897
176148
201817
224883
262566
276332
306011
338925
344928
359362
366257
386119
398121
421572
452876
462073
491564
505436
515491
526432
537034
548849
563193
571308
587696
601915
609637
628069
637196
646973
668334
681689
691338
705077
731443
756858
769094
781532
791976
805061
823514
840865
866654
882440
893368
903750
913522
925424
942476
951316
963957
972648
977258
982267
991857
1001308
1016620
1022860
1030391
1047816
1054506
1065787
1091799
1104102
1118438
1127471
1135182
1163243
1169805
1177528
1179450
1197903
1208415
1219005
1221616
1231347
1236078
1238799
1248000
1261158
1271609
1286450
1291770
1304252
1312973
1318554
1327944
1341236
1345428
1354285
1367537
1376778
1385529
1390581
1404006
1426539
