4536
11943
16034
20644
31795
42376
48376
58297
69239
79152
89556
99987
107948
114129
120169
127062
134883
146035
154296
161887
170608
184759
190239
203262
211801
219716
238749
247399
255870
263501
270652
280066
286949
296181
303082
316132
324213
333114
342423
351355
359311
366445
376401
387098
395509
405696
417166
425568
438193
450289
457584
466397
473232
479930
488852
496623
502973
506656
536642
545354
556778
567339
576933
583753
596784
607317
613917
622250
631495
640236
646170
654230
661761
676871
685311
704529
716838
725336
730922
737943
742693
749408
756768
765407
771539
776339
781440
788701
792411
795911
805382
809052
815219
823170
827171
832101
840578
850801
861773
