4568
6148
12299
16019
22890
26161
33973
40753
48444
51664
67745
73436
81140
85198
95390
105083
112895
116806
126990
130470
135671
142062
152063
155734
160204
163094
165764
169225
171465
175676
177676
180156
183146
185766
188766
192678
197460
201301
205311
222443
247306
249496
255468
259649
265940
272762
278283
295116
303937
307747
313969
317489
324519
340290
347872
355822
361962
367934
379134
385018
389908
400899
405910
417600
427101
434771
443882
447522
451676
461807
469147
490429
506101
517324
526235
534816
547397
559099
565699
569699
583320
595403
602643
606903
613734
620494
639586
654328
664019
672359
684840
691651
696262
700083
713483
716984
730014
754666
766246
778277
783707
791718
797828
802838
811549
817029
819620
823291
834514
843595
850235
857558
865249
876511
888162
894614
902404
912285
916955
921065
930837
943027
947619
961890
970970
976751
984846
997418
1008961
1016852
1032474
1046305
1056217
1065837
1081450
1093131
