3548
10154
19086
34075
42025
55019
63398
76416
83928
93464
103335
113313
121704
131476
138201
147613
155287
166974
178235
189422
194442
201254
213531
218306
237789
253141
261274
267474
280006
293430
311430
322885
332408
344276
353677
366129
382228
390650
397514
409833
420977
434319
445380
457917
478271
490646
503226
522186
531746
539106
549237
558492
568015
574247
582828
588962
600135
608057
615647
623697
631047
638409
645923
654183
663337
672200
681083
688310
696251
704084
709716
717256
726306
746813
763266
769678
779189
791891
803005
818389
828511
842747
856710
866840
881952
887806
895096
914997
923589
934142
952842
965667
976735
983606
994332
1002522
1012696
1029208
1039462
1050141
1057493
1067835
1075478
1088584
1105727
1115331
1120822
1126838
1139521
1152925
1159657
1166520
1177704
