7914
15909
33949
42447
51416
108913
119828
129684
138056
149010
156300
174628
183863
191136
204865
220992
231148
249377
278784
292148
296200
299463
309598
327832
334208
355880
371024
382784
398967
407549
425331
442671
450715
460797
478832
492099
516780
534965
544795
553020
583729
598083
605929
609133
619076
633054
651616
666106
675348
680971
688077
695717
714845
729224
746205
757975
768474
776667
790888
797821
810497
821189
835449
848388
856031
876281
885596
899277
904609
912211
926466
938464
964057
986627
993360
1003333
1010204
1022055
1060880
