4325
6435
9967
13415
16987
20989
30013
37205
42248
46970
51011
56232
62744
69046
91346
96821
102043
110804
126255
139908
149699
163034
166904
179327
202445
210308
214689
242547
254054
263341
270934
277005
288456
309015
316627
327035
330966
338528
346823
350946
356160
366114
373016
379777
404000
413602
421134
429496
434426
440798
455770
467735
479573
490156
494591
502202
508034
514605
519925
525365
537827
547421
558792
569925
579830
586756
596871
601985
613578
619583
632014
650014
658946
665568
674121
684873
694386
707640
720895
726877
736952
741594
752245
765857
773540
779391
786152
791862
804803
811116
818218
839633
848643
853765
859355
866748
874172
879274
883705
892748
912714
924927
932950
946582
953195
962329
973751
981723
986694
1002968
1015899
1028213
1032995
1043328
1051800
1062302
1072780
1089935
1098893
