4607
18967
49582
68238
91595
102239
127284
135817
148819
159791
171152
197883
213954
232159
247081
265358
282959
293912
303782
322680
331322
367878
393435
406957
417362
429628
456755
477305
497333
513541
529111
617922
637409
686183
702618
756640
769035
791918
806122
834753
867409
887146
893257
928301
938098
967584
979997
996852
1007187
1013563
1029368
1047055
1058790
1072529
1089043
1119190
1126533
1137493
1176621
1194024
1213427
1274736
1306570
1329105
1347190
