7321
13206
16577
22114
31703
41176
49288
56591
63595
67965
73615
76746
81376
87637
92502
100014
106462
110733
118445
124125
130389
139335
147222
150891
159592
163993
169114
174855
184827
191880
195590
200681
205385
211395
217210
224311
230232
233535
237565
241877
247215
257980
262411
268615
277116
282677
285477
289910
292792
312759
318272
330244
339596
343970
348940
352290
355572
361004
364355
369015
371635
379467
384907
396011
399103
404005
407108
414193
420495
423895
428338
433689
437212
440553
447638
452254
456775
462328
465699
469091
472251
475992
482487
488198
492499
497385
504856
508439
513409
519704
523775
527297
531917
537662
541243
544363
547554
552308
556222
562123
564984
567105
572731
580092
586120
589422
593792
596843
599843
606839
609590
613881
617843
622451
625512
628695
635332
639073
645890
650810
654390
660994
664975
668050
672421
675631
678422
685610
690214
694475
698287
701037
706009
709064
711806
716427
724067
727447
730018
739572
745187
747939
752694
755717
758957
766279
770272
773047
776817
781306
784197
787507
791867
796328
804733
811467
818692
822212
831395
836596
839720
844274
847659
850980
858272
862002
870761
877602
881553
885654
889210
892350
895531
903467
909940
915241
919103
923044
926547
929547
937219
941289
944660
951803
956588
961082
969276
977610
981371
989959
997333
1002684
1007405
1009958
1013792
1016982
1020792
1029251
1033261
1038332
1042533
1047675
1052235
1056056
1059380
1063302
1068992
1075433
1081224
1084814
1087984
1092124
1095564
1102225
1105748
1110538
1118211
1121715
1124419
1127209
1130600
1135752
1139572
1143682
1148533
1153726
1158100
1178107
