4081
11857
15093
23226
31570
40068
45470
59887
72020
77322
96166
105704
121644
130103
142420
155408
169198
176777
192000
213072
221403
231106
241128
250756
264296
275183
282416
288643
297951
305008
312312
318397
327994
338781
350346
358794
376677
388797
397543
408890
439135
448679
463221
472845
498809
508347
518621
529627
536492
550435
556242
564830
574667
582172
590599
604685
619137
627515
637271
651998
681055
701898
721643
740676
761940
773553
785696
798288
810666
818490
828175
835763
843689
855486
864650
878557
891369
897603
905959
913060
925461
943255
