4353
11010
14852
23039
43712
55469
66152
89232
103623
121361
135895
144859
159284
178615
190767
224705
236222
245435
263912
295939
313592
323390
335884
360921
375322
400152
410307
438074
449965
475178
492827
515375
538626
547067
562046
580625
599183
615758
638767
649531
659749
669437
679461
695946
707014
729124
751780
771296
797622
809712
830670
835830
842864
857115
871106
883834
895306
917269
933194
951386
966684
980917
989689
1008074
1020458
1027476
1037010
1047494
1060083
1066041
1078746
1094980
1112529
1123951
1133305
1149906
1172890
1193646
1216019
1231731
1245520
1259287
1285124
1298525
1315559
1333710
1348185
1361334
1378011
