4242
11454
21114
32369
41911
52043
62614
76386
97055
104881
134208
142435
161506
176188
190376
199969
211310
236367
247532
259220
275056
284461
298183
312419
331242
355873
367858
385781
399535
423200
428608
445356
461579
484467
496663
506895
517715
524250
537656
550063
574568
591311
599622
606616
614888
633152
652442
669998
679270
689954
701949
713880
729690
741694
748574
758407
768032
774688
788385
793226
804229
815093
825005
842152
854502
864796
871216
883909
896481
907344
