4474
16343
24985
30366
56458
84050
113403
129711
139371
159099
175461
182307
194634
218162
230648
241320
253610
272698
286465
319041
340507
353443
370826
385191
402043
416340
432444
447430
464444
479178
496159
512391
603015
629199
642250
686216
709485
753057
771373
785182
804997
812882
817405
832059
841513
852795
859387
867335
880300
906830
970397
1009249
1032503
1106045
1115719
1158280
1174327
1187625
1200226
1225418
1245292
1253246
1264146
1277859
1285270
1294746
1307169
1321878
1332157
1349244
1358465
1372138
1393049
1414219
