7929
11099
14090
16973
21324
24815
34423
41159
51762
64095
73124
85660
100256
107679
122565
137698
143965
148740
163333
175157
183557
189102
195084
207435
211566
216504
221874
227338
239415
246380
256608
264655
272156
281270
290524
297829
308953
315765
323061
329781
344301
351108
355613
361631
366376
374358
384308
402699
409113
416595
423039
430828
441773
451226
462439
468191
474524
479546
483286
487546
497199
502612
510235
514951
519151
529861
539361
548774
554806
564733
573999
582946
588930
594331
600799
606360
614141
623060
630531
638973
647745
660379
668428
678574
