3542
7924
10354
12664
15526
22083
28374
32434
39396
43019
49620
58886
61477
64767
68355
72875
79514
83256
86792
93221
97911
103868
109766
114998
120240
123128
128132
133613
138688
142191
149366
154873
159123
164313
168199
175555
182231
186804
190875
195877
199299
202970
205570
208161
210981
215403
219369
224048
227848
233652
239334
245020
248982
255928
258901
263575
267224
272100
274660
279652
283523
287667
292771
297275
302298
306608
312982
317895
322122
328626
332058
336223
339973
345686
351631
356615
360791
364648
367739
371300
374800
378142
381365
385189
389868
394891
399661
403944
407136
409647
412427
418154
421057
424719
428210
431372
435173
440859
446395
451017
454002
457578
479348
483180
486781
492882
496866
500006
503001
505561
508261
511721
516581
529123
533055
537940
541989
545898
549488
552900
556568
560170
563853
567494
571126
575887
581547
585247
588578
591644
594506
597940
601409
605098
608844
612077
615313
620072
626031
629583
632701
636220
639700
644532
648933
653813
659136
663976
668197
673808
680454
685134
689286
692419
695325
697547
701319
708229
718226
722148
725519
728781
732102
735391
740680
745901
749511
752429
756810
760791
764932
770483
773893
778095
781925
785406
788862
796235
800086
803491
808922
811813
817763
