4460
9523
14858
22847
34035
41631
52280
60330
71079
77654
85516
91589
98328
105767
111638
121826
128263
137979
145191
150779
159091
165101
183978
198787
229085
237145
263083
278458
289641
303078
311579
316766
326014
332464
341326
354150
361242
366769
371003
377741
384428
395241
401304
412425
425486
434238
440610
446423
453147
459397
465398
473707
478521
482835
488142
493832
498955
504143
508267
518703
529638
538262
546312
552639
560328
570287
576511
578987
581825
588760
596446
604338
611711
617025
622649
634211
641771
646004
650833
656393
660084
663457
668333
672518
676205
684015
693015
697203
703012
