4515
7802
13751
25500
36975
57935
68651
96361
116022
129022
143871
159393
175629
192005
199752
214501
228378
240502
256501
262809
279748
305559
322070
329055
337004
358191
375128
388688
427612
455483
467045
479859
487108
499732
528110
553671
562922
586433
594981
606729
630617
640675
653426
673361
688683
698784
715283
738856
751857
764153
781780
793777
806649
816337
821026
834138
855821
867270
881770
893532
908904
928366
941854
951460
976643
989944
1008644
1044116
1059111
1068800
1078923
1085346
1090560
1096398
1110394
1121045
1131518
1147218
1179828
1188728
1200973
1208801
1233909
1250108
1263634
1282394
