4655
8229
10791
16979
22901
29729
34214
40839
46977
56849
65400
79275
88460
104202
110826
119090
124925
135701
141639
156273
168948
176521
188646
208819
222696
233758
243257
248432
256454
267552
276639
284451
308499
324762
330786
345633
354322
362524
373401
382025
390227
396774
404449
412464
419087
431662
442472
450097
461397
470910
476968
490095
497217
508158
516581
525241
531954
538766
549453
558740
567013
577762
584889
601836
610709
620009
630585
639134
646010
651709
658645
675231
682755
689392
695626
700562
706885
715697
724011
728997
739908
746944
755201
763202
773887
786749
797460
807324
815508
823196
