4652
5809
7529
9782
12196
15446
19107
24168
27358
32660
35933
41571
45081
50932
56883
64549
70546
74621
80945
84251
88131
94076
98036
104300
110531
116812
119863
125256
132035
139659
145582
149495
155458
173002
179412
188435
194429
202297
208790
218683
224985
233172
239766
245926
251047
260705
265627
272330
275231
282134
285694
292258
297949
304813
316219
323271
334667
341311
346205
352717
358344
367045
371446
377866
383037
388847
392718
399101
404811
411074
414778
420847
425616
431921
440906
447695
454556
461636
468846
