4615
7296
10706
13106
16556
19706
25228
29359
34299
39479
42680
46220
49391
52421
55611
58663
62753
67574
74005
78896
83476
87889
90559
94040
99364
104916
110096
114697
117590
120350
122970
126441
129651
133733
136744
144402
147406
149518
152119
155239
158901
163814
167228
170428
174088
179149
184020
194754
199635
203816
209097
217273
222408
225598
229241
232312
236336
243049
246379
252147
258279
266050
272631
276314
281934
289855
291876
294446
300256
307727
315469
320132
327842
334504
340246
344226
349126
352637
355168
358789
363099
367400
372562
376122
381032
387623
392693
397814
402435
407977
412987
417131
424979
427569
430160
434911
440831
