8736
15578
22607
30693
36965
47236
53899
64525
72421
79536
88685
95113
100194
107426
113274
118974
130402
137682
145708
153343
158598
167695
174632
180049
188860
201753
209371
214489
228911
236596
241730
248961
255411
260733
272595
281749
288032
297234
304847
310724
318052
324862
334964
349395
358716
369662
375505
390070
396422
402203
409480
415688
421358
432719
438860
451811
462058
468897
475603
483822
490051
497874
509523
520009
526887
533740
540073
545881
550976
562758
