4118
8073
15234
18988
29107
36317
49087
57601
73873
86243
97863
104872
119946
129211
145888
155803
169625
178588
192110
200470
217146
229013
241533
250199
259914
265573
291723
305846
333490
346207
356072
363135
377759
388422
415314
427685
437398
444260
474808
491283
530642
550322
566399
575064
610265
630298
664049
679324
697751
708769
756645
782886
838320
866916
893105
906577
925663
939629
963765
978000
1014033
1039022
1069727
1080787
1096912
1107629
1148141
1165818
1182996
1196634
1225833
1243060
1270101
1286324
1304212
1315413
1336995
1350016
1368194
1377857
1397189
1410109
1439004
1453377
1463791
1470701
1479866
1487178
1507110
1515872
1531197
1540111
1554784
1560542
1578269
1587032
1614225
1626395
1655240
1670670
1685836
1694148
1711076
1721895
1733111
1738373
1748083
1755444
1797379
1823372
1841195
1852917
1864033
1869540
1898695
1912165
1940960
1961092
1981374
1994996
2025091
2047475
2130805
2173923
2207325
2227488
2254833
2270006
2287131
2296945
2309617
2318781
2330898
2339562
2365004
2380925
2407968
2423544
2446777
2458998
2477282
2489201
2515535
2532562
2546446
2554206
2570381
2582948
2629923
2651908
2677746
2691067
2729728
2746153
2757276
2763383
2778204
2787617
2820520
2834841
2869697
2885167
2905701
2915918
2937336
2946650
2995325
3017713
3038893
3051362
3128883
3163937
3181414
3192232
3236099
3262941
3277113
3287189
3328906
3348835
3392150
3414386
3459004
3481992
3498665
3508232
3548243
3571781
3598221
3609991
3625963
3633927
3666727
3688462
3709044
3726020
3744048
3754414
3770239
3779904
3794426
3804242
3842601
3855923
3955326
4011864
4028341
4036112
4054740
4068961
4097907
4114633
4136720
4150038
4170271
4179785
4202118
4213135
4256453
4275932
4301875
4313391
4337178
4351201
4374837
4388356
4426117
4450452
4489364
4508395
4528575
4539490
4557772
4569590
4587116
4597582
