33974
52859
69677
80444
116004
135794
158985
171250
188236
196199
223751
236775
266796
285783
325243
349278
391756
414242
433172
445888
471079
487659
509844
525012
545644
559717
570534
578846
598938
613471
646434
665226
684003
695815
712467
726133
767799
790644
818196
833344
846118
855229
872653
888834
927245
947033
965152
976371
1002923
1018254
1076143
1107740
1151880
1183588
1224071
1248268
1268607
1278871
1287079
1291835
1315478
1333420
1353453
1369877
1411447
1438107
1464352
1476121
1485588
1493093
1509318
1517335
1533907
1543273
1563852
1573035
1590714
1600036
1613662
1622176
1649369
1671656
1699609
1711933
1726556
1739625
1757300
1768472
1778458
1786514
1799843
1809225
1875731
1904788
1945708
1970555
1984191
1998008
2028050
2046630
2068669
2080933
2096318
2104090
2131393
2145816
2168949
2182612
2205221
2216036
2245350
2266392
2302223
2321102
2339824
2348995
2368066
2377686
2449958
2488717
2535670
2563617
2575013
2584231
2601777
2614391
2632470
2643787
2662970
2676137
2691623
2700386
2742757
2771694
2831933
2866639
2893423
2910799
2991839
3043973
3069772
3083943
3116196
3138985
3154752
3164270
3201287
3224674
3232687
3238252
3255329
3269053
3294792
3314524
3331798
3344034
3425826
3489042
3525433
3555625
3591032
3613426
3628505
3639619
3666769
3686681
3704206
3716233
3728850
3735057
3767723
3789666
3806029
3818776
3834547
3845164
3861595
3873013
3890553
3900967
3924818
3936286
3952811
3962785
3983913
3996539
4021728
4035799
4060951
4077243
4141297
4179853
4223571
4245930
4277879
4295263
4325417
4339507
4422209
4470948
4492442
4506068
4543941
4569637
4605194
4630933
