61002
95102
130869
155816
184463
201764
219839
232307
252590
266221
285161
299137
308199
314055
374325
410387
472927
508994
551168
579773
644127
680946
731820
754904
845204
897236
938054
959091
1026295
1062951
1094284
1117027
1169204
1194138
1205209
1214523
1233855
1247222
1284343
1307728
1318519
1325955
1336370
1342482
1375509
1393298
1404676
1411140
1433925
1448742
1519506
1555920
1606647
1638102
1680025
1699475
1780468
1824058
1845470
1858596
1900768
1924409
1937485
1946500
2014657
2054920
2083964
2101040
2162917
2204048
2232592
2252278
2288487
2308771
2356496
2388843
2468619
2518658
2568538
2599539
2631400
2649182
2682729
2698560
2717082
2726028
2784027
2813773
2857588
2880632
2938814
2961413
3005588
3027426
3048570
3061350
3083832
3095202
3117740
3127751
3158956
3175671
3214141
3235928
3283508
3308650
3336588
3351031
3409590
3444699
3458419
3466537
3492893
3508065
3524944
3533907
3554491
3567419
3587105
3599276
3617807
3627973
3807299
3906526
3950092
3976183
4011588
4032571
4068726
4094973
4157313
4198439
