37520
57002
97416
117650
134813
143885
157549
167216
191006
206926
239190
260579
297947
327805
356650
368266
383339
390951
419649
434320
456153
467621
482393
493611
528078
546623
571971
585492
620796
640434
663721
678904
711650
728978
747205
759139
773707
783524
797693
807311
818129
824384
845123
862541
899099
923047
967829
995467
1013245
1024364
1064127
1081511
1100732
1112602
1139356
1155377
1172562
1181924
1191334
1199095
1224181
1239264
1265247
1282637
1292052
1297863
1325660
1341335
1351703
1356858
1421069
1453776
1477460
1491529
1505301
1512511
1540704
1558280
1571663
1580469
1588547
1595952
1638108
1663106
1680691
1689700
1705582
1714638
1723400
1731112
1747994
1758607
1766219
1771977
1810938
1832421
1850661
1862179
1871897
1878552
1921382
1944164
1966698
1977269
2003606
2018179
2034459
2047322
2065551
2079774
2096507
2107068
2117843
2125533
2138349
2146311
2173747
2187919
2225309
2252860
2264177
2271489
2315517
2343561
2353985
2362849
2400029
2419231
2451732
2470157
2512182
2534916
2555602
2565128
2615357
2646353
2656437
2662741
2678663
2691846
2729866
2750597
2764017
2775388
2798378
2812795
2828269
2837382
2848102
2856360
2868835
2877699
2896678
2909893
2938099
2955926
2976888
2988405
3019401
3035427
3047597
3055061
3070185
3082050
3095922
3105093
3139641
3162225
3175700
3185511
3209407
3226234
3246366
3257790
3279315
3292898
3309522
3319941
3368466
3395155
3416798
3429421
3448999
3459125
3483363
3501441
3512508
3522123
3536357
3547480
3558840
3567808
3599459
3621151
3638774
3649243
3701735
3731630
3752612
3765740
3786816
3797897
3812314
3819900
3843236
3857406
3890359
3905482
3950314
3971896
4015013
4036953
4066091
4082518
4096342
4109207
4127651
4138020
4152335
4163805
4181386
4191459
4217556
4230881
4251058
4265880
4279805
4287716
4300284
4312262
4333288
4345413
4363632
4373298
4382016
4386522
4394081
4399800
4414981
4422885
4443521
4455185
4486835
4503519
4525904
4540286
4554511
4565077
4575245
4583609
4596826
4604043
4635886
4657621
