8888
16149
31923
43589
59822
68781
105541
125469
154666
175855
201798
219074
247264
260641
274405
283372
301357
311425
319134
324391
346275
362315
417908
452711
490019
514907
607131
660930
684362
701049
751676
777621
794292
805461
813876
820132
857340
882334
906123
919084
941070
961608
978733
990698
1002768
1009934
1041178
1058402
1086455
1107187
1118454
1127519
1167048
1195684
1215643
1228257
1246397
1255814
1281903
1296836
1311019
1320583
1339161
1350274
1374219
1390653
1410728
1423354
1440925
1450039
1474383
1492074
1505538
1516112
1541255
1555925
1596447
1621400
1656652
1680687
1708575
1726002
1737971
1745238
1782591
1804974
1820751
1831720
1863775
1882506
1918369
1939154
1968463
1987537
2019838
2033259
2046027
2053841
2067978
2076733
2103636
2122318
2139698
2147956
2177605
2193936
2210863
2222631
2285402
2316597
2325165
2331169
2343639
2350658
2380195
2394168
2436533
2458772
2473040
2482104
