5217
9769
51838
72657
94740
109571
141970
163875
184913
197687
219132
232806
285402
321267
352416
365690
380663
392778
413362
427647
445295
455762
543760
598512
697954
746559
771100
786769
801806
815483
845190
863018
881905
897428
930902
946684
980731
998914
1051248
1075337
1099876
1113845
1127366
1136037
1158815
1171585
1261996
1307559
1362407
1401264
1489560
1540900
1557781
1571351
1586070
1594384
1605757
1612364
1652880
1668450
1684025
1694242
1710029
1720941
1755487
1774215
1800806
1815525
1873014
1909024
1939380
1958116
1999739
2021868
2043599
2055825
2079065
2093036
2111319
2124336
2141866
2154332
2169806
2177871
