19671
31343
102201
136923
151540
161403
174925
185788
240187
273890
317220
336695
358237
374368
390888
405560
416882
424643
452694
466366
480440
489253
499363
508748
532442
545658
559931
568845
595295
614178
643570
661706
694902
711582
746792
767430
814584
833073
855658
865474
896218
909092
927073
937936
970385
990717
1021713
1039710
1069863
1086746
1096315
1100873
1107278
1111834
1144706
1160431
1169894
1175354
1188223
1196690
1216616
1227941
1258797
1273265
1296053
1310070
1351388
1369021
1398558
1414243
1475240
1516052
1564933
1590477
1617367
1633492
1649517
1658998
1690344
1711376
1728302
1738016
1773572
1799424
1825929
1846703
1875199
1889721
1909305
1922420
1941002
1955776
1981731
2002712
2040426
2060668
2107939
2136483
2181101
2207799
2292394
2346000
2374396
2389871
2443052
2473314
2516737
2550991
2563612
2572830
2614552
2639801
2656174
2664993
2677570
2685536
2721198
2743034
2768868
2784448
2877798
2922014
2951713
2969701
2997954
3013028
3038065
3050517
3061334
3069301
3086481
3097100
3120333
3138416
3167075
3180596
3195619
3204591
3220109
3228977
3252814
3262637
3306865
3332704
3359394
3378122
3403883
3417546
3438730
3453164
3468282
3477255
3489673
3498737
3536790
3559032
3567753
3575770
3585335
3592547
3618142
3635863
3658202
3673222
3691150
3703529
3724460
3739283
3751334
3762152
3822342
3853594
3890502
3914692
3945332
3966071
3980088
3991462
4022204
4044951
4054864
4065323
4080097
4089920
4106999
4118769
4167154
4196960
4232718
4252503
4279155
4293277
4301407
4307459
4329421
4341744
4381249
4403535
4449112
4477215
4501763
4516701
4537779
4549447
4573647
4585215
4596588
4603996
4626327
4640951
4655622
4664237
