5911
9896
38614
59442
126558
169547
246875
306616
345423
370331
421072
455326
552987
592557
615914
629591
664844
685486
697807
705367
715791
722554
750504
767454
829259
861106
903594
927290
962495
980472
1013834
1028066
1050561
1062772
1105938
1133140
1175908
1203601
1242373
1264755
1294513
1311236
1327615
1338631
1364681
1376901
1403750
1419775
1444364
1456923
1471389
1481519
1498691
1511060
1541038
1561664
1580844
1592062
1611288
1621658
1631780
1639690
1666682
1683151
1733988
1762839
1804707
1828234
1843103
1851918
1873402
1882218
1906460
1923487
1938513
1946853
1966134
1980366
1997791
2008282
2031079
2042948
2122729
2170457
2207872
2231010
2250991
2264525
2323316
2353809
2400783
2424980
2456481
2474660
2497594
2509812
2581248
2621809
2669493
2693680
2708364
2717923
2752054
2769579
2803980
2823938
2847376
2859403
2916930
2943884
2961113
2972349
2986718
2996240
3027061
3042789
3060071
3067853
3103146
3116564
3152721
3173251
3193033
3205773
3221960
3230777
3248249
3258892
3326742
3364661
3381848
3391866
3426667
3444097
3474042
3490727
