40288
61874
89434
107555
138862
153641
179242
193109
238481
262717
296994
313518
325987
333420
365171
383950
401802
412615
443027
458446
480079
492145
507429
515582
538569
552742
581341
592005
636172
656955
684998
700720
717250
727875
750807
762979
775698
782163
804042
816411
835802
844965
907682
947352
974886
992219
1027238
1040409
1060338
1073258
1108728
1128010
1168831
1188210
1261136
1305549
1329788
1345560
1378665
1400657
1414682
1420997
1434759
1444475
1464609
1477779
1508675
1528758
1540927
1547491
1584654
1602430
1633527
1649205
1678665
1695035
1764161
1801829
1856613
1879772
1911721
1930398
1950488
1964709
2051203
2099079
2118163
2131931
2158673
2173417
2191092
2200609
2233910
2251688
2279539
2292812
2346869
2377262
2416275
2433753
2451330
2462195
2496149
2515680
2531306
2540769
