6344
10997
32238
44602
68193
78210
91285
102403
116371
124000
142071
151185
200165
222249
243129
256550
275985
287302
300419
310031
326007
334330
345797
352608
385571
408304
418425
426203
455628
479320
490945
498906
511325
519336
542322
553993
564104
570814
625048
656251
678382
689448
708126
717801
736788
750717
766288
776457
791596
798262
844388
867727
884452
894968
914806
927837
944573
955588
966804
972812
997703
1014478
1053860
1075442
1096273
1106739
1127281
1140208
1169929
1189561
1224311
1244050
1260676
1270436
1294935
1307258
1339322
1354844
1379583
1392904
1410349
1423109
1437987
1449000
1469484
1481151
1500530
1512801
1552526
1566928
1579391
1586352
1614995
1631670
1647144
1658627
1678753
1691425
1704002
1711858
1748022
1770209
1791696
1804564
1839129
1856953
1882014
1894841
1939622
1957750
1968224
1975071
2001123
2018051
2046743
2066330
2084413
2097087
