38335
59311
99536
118211
141236
154208
170432
180980
208626
223207
236524
245541
281762
299082
311048
318861
327325
332483
363330
380061
395893
406213
461857
496308
544584
575943
589675
596587
631336
651767
670804
684266
698440
705704
727232
739322
765703
778520
808571
823507
839591
852463
897126
917679
947740
964463
982140
990461
1016201
1029324
1063174
1082211
1093522
1101939
1116062
1123768
1141095
1149963
1169846
1182306
1208807
1221973
1245154
1258834
1321386
1354426
1387332
1403279
1468790
1506755
1550384
1576098
1600895
1614314
1631391
1642906
1663446
1674259
1697741
1707657
1785809
1818619
1844224
1858289
1884052
1896419
1916653
1927575
1938643
1945960
1966495
1981073
1994540
2005456
2019780
2031405
2050623
2061139
2094602
2114095
2147393
2165227
2183473
2194890
2231998
2249118
2280020
2297903
2315879
2328097
2361796
2381688
2398964
2408428
2430872
2442381
2456317
2464075
2478548
2486317
2523480
2546515
2563839
2574960
2607627
2627013
2662369
2678288
2700185
2711704
2756801
2777031
2808580
2826507
2839827
2847542
2859208
2867225
2916709
2947712
2958429
2965132
3008508
3030994
3042522
3049933
3066160
3074328
3105381
3120354
3132621
3138288
3162620
3176892
3215016
3240300
3267993
3287625
3330417
3352855
3385117
3402742
3428137
3443355
3496248
3523009
3548709
3562386
3597701
3614668
3668116
3696919
3750365
3782665
3819969
3843854
3862139
3874060
3922888
3950380
3962899
3971312
4009178
4030605
4090657
4122774
4166795
4196301
4224756
4240387
4269591
4286276
4300898
4310410
4337701
4347966
4398006
4424399
4469315
4497009
4522619
4540150
4563531
4577904
4601643
4615874
4628145
4637406
4647189
4654554
