5606
9112
18083
23233
38658
50305
71789
82573
96900
105097
123728
132845
144218
151190
162910
170770
186901
195161
212335
220645
235823
244334
273027
288659
307488
320508
335134
345305
353260
358595
365259
370214
381401
388762
409447
419123
435702
447817
471401
483821
514270
528591
537786
544463
589431
611121
627690
637307
651377
660791
670912
678222
703363
719884
766815
788854
818048
835523
856858
874003
897048
909571
927949
940287
969491
991773
1024341
1043921
1059446
1068764
1094549
1109926
1125549
1136116
1186444
1211997
1268795
1298546
1314921
1323691
1351331
1367856
1384086
1391393
1412228
1424199
1470882
1498579
1531610
1552644
1567063
1575981
1603082
1618684
1635057
1644685
1668015
1680353
1701378
1718908
1745998
1762178
1788071
1802720
1816087
1823565
1869193
1892382
1934595
1960702
1972719
1979175
1997164
2009130
2050660
2071539
2091118
2106381
2127562
2140533
2152209
2158659
2170864
2178233
2190153
2197618
2216348
2229372
2248560
2260577
2278652
2292226
2310751
2321419
2334185
2342803
2351200
2357156
2393834
2413466
2433949
2445675
2495653
2515833
2536523
2546130
2589458
2616956
2657272
2676952
2707253
2725940
2739510
2747275
2767456
2780525
2789389
2796198
2813682
2824844
2840221
2850597
2869831
2876896
2896272
2905792
2916862
2924919
2937398
2944123
2993450
3021080
3055237
3071966
3104249
3117068
3144611
3160287
3210324
3237632
3251999
3261890
3270501
3276563
3294486
3306616
3324202
3335720
3356212
3366581
3391815
3405849
3433653
3447507
3461093
3469854
3482221
3489332
3502267
3511879
3534734
3547753
3577249
3594478
3607000
3614512
3636148
3647162
3657879
3664235
3686470
3696988
3709963
3717068
3724747
3730305
3739278
3746493
3756408
3762421
3771832
3778039
3787858
3795169
3800929
3804836
3819904
3827926
3835695
3841700
3857472
3865044
3886485
3898150
3911167
3919142
3927008
3932058
3939568
3944379
3949988
3954548
3962812
3967865
3973020
3976027
4000824
4013249
4028577
4036342
4047359
4052015
4078416
4091138
4118848
4136273
4160123
4175194
4205691
4219864
4233691
4242109
4274265
4291490
4303763
4311533
4335624
4345635
4372732
4388036
4401703
4408666
4425794
4433602
4472568
4492894
4523648
4542273
