16200
24506
36075
44342
75177
88658
117949
137381
190519
222151
240674
251992
284439
301230
346722
369909
388535
398161
427488
443628
468082
478899
531178
563529
576378
584762
603240
614356
631791
641397
664283
674398
730537
760436
800816
824157
892620
925872
968837
994974
1007645
1014563
1078266
1108963
1136726
1154998
1179538
1190904
1224965
1243446
1268906
1286381
1316536
1330955
1343620
1351835
1377737
1394663
1415241
1428648
1477572
1507269
1518837
1528725
1556316
1573498
1605895
1627776
1651267
1666945
1674854
1680823
1695952
1709968
1747636
1771526
1784594
1792372
1803792
1814218
1850072
1873161
1895147
1908276
1919742
1927054
1937621
1944183
1952745
1957149
1972436
1982463
2008303
2022873
2035441
2044908
2094785
2121926
2153224
2172409
2211462
2234937
2256066
2267831
2276550
2282959
2294773
2301489
2318658
2328927
2348366
2360627
2399436
2418921
2429682
2436995
2451365
2459079
2471400
2478721
2486387
2492742
2509528
2518844
2533514
2543330
2551695
2558855
2591204
2609403
2621022
2628338
2650701
2662325
2676797
2687218
