5523
9581
35582
56313
77106
90677
101944
108355
125056
133971
146892
158931
171653
181312
215969
233841
242061
249267
265142
274408
297348
310773
342486
360055
387250
402014
421555
432437
442547
450258
465943
475860
509113
524587
553081
569259
577924
583780
612678
634756
650481
658743
668364
674020
688094
695751
708874
719842
747680
762352
783287
792311
822861
835692
852969
861620
880348
888458
913250
925567
943645
958516
982720
994384
1013430
1024702
1040822
1049640
1075940
1090611
1108186
1117032
1151037
1168520
1191844
1204367
1222999
1237675
1259468
1271734
1288510
1297666
1347550
1372840
1423596
1452437
1477540
1497577
1521262
1536954
1553535
1563254
1580635
1592555
1616043
1627503
1683455
1709089
1731474
1747257
1764328
1775744
1788418
1796286
1818521
1833357
1853540
1865320
1890973
1904456
1917477
1925837
1939509
1947024
1960301
1972284
