13892
23812
40637
52855
100289
125310
160633
180917
216337
237730
259141
274012
303626
324410
347102
365559
384889
394710
408931
418239
437373
446886
477881
492860
524303
540585
556564
566972
582750
593596
624443
641569
665757
681178
709140
725604
754899
774430
798020
811139
826365
834670
848291
855356
884507
897876
957731
986439
1017581
1037117
1061258
1075877
1089900
1097866
1134433
1156349
1188399
1209296
1240705
1259782
1298909
1316132
1333630
1343500
1359224
1370191
1414813
1432041
1455832
1471730
1529301
1556112
1600984
1630329
1662486
1682319
1704401
1716370
1773808
1806816
1828403
1838939
1875397
1895881
1908901
1922485
1943070
1955456
1976337
1987866
2008694
2023622
2047030
2064984
2080112
2092280
2113361
2127389
2148620
2160890
2178068
2189934
2222545
2239470
2254995
2266062
2298569
2315009
2338302
2350315
2366599
2375037
2386300
2394215
2409186
2422612
2452102
2471279
2506185
2532073
2564624
2583931
2599148
2610617
2632216
2643848
2667091
2681343
2703234
2715653
2740293
2751945
2781166
2800640
2823086
2839411
2888016
2916712
2954487
2978419
3015185
3037519
3072984
3090512
3107235
3118365
3174049
3208635
3224609
3237346
3251010
3258481
3274755
3288082
3302055
3311725
3336808
3354349
3381890
3402377
3445700
3465127
3478247
3484071
3514966
3534646
3556980
3573754
3595653
3609131
3635526
3649035
3660145
3668307
3691551
3703664
3722047
3730857
3752542
3768367
3798106
3816845
3848497
3866187
3887966
3902898
