36710
59396
85796
100936
115904
128590
149822
161285
184880
198956
234822
256264
296478
319359
348616
370847
395586
410121
433406
449992
468871
482291
506630
522904
541493
553313
590231
612867
642780
658456
693507
713642
733334
744751
801741
831692
866399
886234
916683
930057
962678
981707
1004041
1015661
1038802
1051018
1091274
1110321
1152541
1176580
1188305
1195070
1262485
1299745
1325936
1338267
1374627
1391352
1413892
1424353
1453450
1469523
1485815
1498433
1516608
1524071
1552764
1565732
1584569
1597546
1617381
1630644
