6047
9447
20564
27729
68129
86914
124580
145212
183086
207320
239278
256305
274082
284049
303683
315552
324886
330094
358651
369932
390668
404540
429437
445273
482422
504556
528661
541682
555058
561767
610345
635428
657961
671831
689760
699135
743807
764585
790176
805810
832553
847325
877830
893408
956544
981032
1020224
1038354
1114051
1146673
1161705
1168563
1192654
1205976
1248763
1272796
1303299
1321835
1335910
1344268
1363401
1378721
1422550
1441346
1455571
1465792
1478607
1486518
1509752
1523124
1564839
1584698
1609605
1622528
1653524
1670748
1693983
1709602
1733345
1748527
1765000
1774370
1801560
1816990
1834662
1843257
1860483
1867796
1884271
1892385
1920288
1935531
1956368
1969929
1989057
1999325
2009845
2016252
2029493
2047377
2063329
2075082
2096310
2105325
2121259
2132233
2153821
2165847
2194888
2209513
2233702
2246870
2254238
2259779
2289676
2301045
2316343
2326966
2356509
2373948
2399687
2412507
2474429
2501563
2516137
2524676
2532340
2536458
2558898
2570261
2587890
2598071
2631926
2649602
2671788
2682561
2717282
2736504
2747476
2754133
2772207
2783627
2839542
2865347
2882677
2895540
2922988
2936562
2964921
2979338
3003779
3014666
