17400
24514
43607
52584
75449
86765
95152
100222
116558
123165
147005
160737
170647
177212
210345
226722
246498
255308
268981
278496
286464
290464
316519
330337
371200
391743
408520
418140
478642
496314
508381
514803
536336
547203
578050
596832
628088
643413
656243
662271
672248
678608
689427
694922
726483
742604
763621
775889
794115
803331
822569
831840
856578
868349
885488
894202
935117
951299
964423
973896
994117
1004189
1039092
1056718
1090921
1107999
1123172
1130273
