2646
9956
13998
31462
42644
58462
69277
113846
131525
141190
147298
178568
197847
220944
232528
275841
295670
325523
341553
359088
368499
390847
402216
417897
424651
468419
485679
509624
522958
548591
560158
577493
587660
609549
618960
670304
701758
735434
752172
768644
777855
809274
822997
836826
843328
851889
857602
880934
892854
912035
921600
934721
942187
955908
962864
1003390
1022827
1057390
1072572
1107269
1123595
1137921
1145979
1199964
1223409
1241835
1253103
1269886
1277199
1301411
1312974
1332358
1344824
1363992
1374716
1392575
1402742
1428231
1443057
1457831
1466908
1505965
1525795
1542627
1553739
1580151
1592222
1622079
1638302
1668859
1686597
1705146
1715463
1743705
1760627
1783523
1795138
1824887
1841717
1873122
1886745
1906437
1920355
1934097
1943418
1968210
1982832
1999418
2011681
2036568
2049543
2060858
2067316
2093127
2106143
2133489
2150166
2172479
2182444
2198871
2209034
2230719
2244266
2277230
2299416
2328960
2346387
2377064
2394742
2422240
2436974
2451548
2462182
2486082
2501110
2510619
2518136
2533306
2544372
2563654
2575125
2596009
2608321
2623244
2632011
2647910
2657879
2679162
2691633
2704301
2714478
2722586
2729317
2749290
2761969
2777699
2787308
2824114
2842242
2854312
2863426
2874894
2881561
2919126
2942510
2967448
2976915
2987579
2994843
3029109
3050953
3074498
3085163
3102563
3111526
3144329
3158213
3199634
3226429
3252693
3267768
3283392
3291124
3314815
3330762
3353348
3368625
3393728
3410971
3439227
3454921
3466638
3475896
3485313
3490469
3504499
3512719
