5616
9923
20494
26670
38592
44598
72750
84878
101575
114304
133983
146102
187129
205403
217182
223268
245106
255619
276153
287376
312466
322484
337155
345619
357335
364343
380335
389192
400360
406969
431619
444087
453957
457375
484320
496993
521507
536784
561842
579370
591923
600606
645772
669306
684384
692056
722253
741047
768281
784708
810950
827538
849709
863479
875149
881307
900722
910637
925058
933140
954974
966294
1025437
1047968
1076413
1092339
1117228
1131298
1146872
1153734
1167155
1174867
1213778
1237864
1276327
1296855
1333813
1350591
1363784
1370996
1429136
1450270
1476862
1492336
1521079
1535482
1575392
1592669
1604089
1611600
1626472
1635387
1670289
1686115
1704896
1714258
1733488
1742252
1755230
1762484
1790927
1806251
1840332
1861763
1877043
1886156
1909719
1922989
1942169
1954797
1965812
1973376
1996909
2009840
2020230
2025500
2036853
2045631
2068825
2081507
2091621
2099837
2108547
2115164
2140762
2152526
2181027
2193800
2216293
2229715
2266575
2287154
2317553
2335383
2374993
2393490
2429407
2448820
2468458
2478928
2504772
2516988
2524898
2529303
2542538
2552399
2565573
2574634
2584555
2590810
2606793
2617616
2661691
2683647
2711803
2727228
2749021
2759380
2775856
2785571
2829342
2853737
2884883
2896354
2912090
2918801
2944299
2957971
2972339
2981939
2994761
3003270
3018157
3027116
3047655
3060390
3093690
3110583
3122201
3128256
3158705
3176334
3188398
3196611
3209434
3218049
3235874
3245386
3262720
3274533
3282096
3287058
3311254
3324070
3338088
3344911
3357528
3365242
3382428
3391887
3452789
3484385
3514494
3530734
3549759
3559582
3568242
3573844
3584811
3591838
3605755
3612872
3622752
3628464
3644690
3655518
3676896
3690417
3727573
3746561
3773170
3788436
3821841
3837771
