37330
58467
88645
104820
145584
164214
202422
224155
250654
268577
291021
302843
323083
333196
340866
346467
373209
385496
430368
453250
465172
472580
502428
517550
552467
572194
588271
598498
655185
690894
749806
781563
819319
840460
859690
871108
881572
886582
903858
911870
942569
957840
983083
995147
1004865
1011073
1043021
1057143
1077837
1090605
1114493
1130078
1148203
1158467
1168591
1174901
1212922
1234101
1297268
1336331
1354765
1366129
1412149
1444258
1459993
1470959
1500575
1516855
1549184
1570421
1594152
1607081
1635484
1648397
1660865
1668328
1685907
1697140
1716713
1729177
1750758
1762578
1780803
1794025
