6235
10451
32497
50254
64776
75542
98226
109746
135836
152810
180810
197385
236475
258503
274077
285147
302122
312941
365874
395581
442452
464040
500154
517983
542478
558451
584590
598318
613550
620976
628189
634515
646528
652236
673719
685440
710640
726571
743645
752761
759070
761871
808452
833548
895065
930119
954361
967685
989722
1000043
1017774
1027834
1042154
1051167
1073867
1087333
1099509
1107717
1114459
1119764
1136889
1148255
1178217
1192735
1220253
1236072
1247946
1256201
1279536
1292490
1305902
1317790
1339329
1353253
1394786
1413315
1432005
1441610
1457042
1467655
1480625
1490791
1500755
1507765
1528001
1537194
1548562
1555430
1593694
1613936
1635961
1645688
1658861
1669025
1684901
1695611
1710034
1722403
1731730
1736178
1747387
1753496
1766035
1773296
1795179
1807478
