5537
8993
21632
29249
36858
41767
51482
58848
69964
75317
84085
89691
100709
107772
117985
123046
135915
143197
153013
158667
166327
173390
183368
188071
194594
198959
206926
212981
224460
230167
241685
248746
260214
266674
273685
278906
287116
292733
306957
316871
325840
333147
349627
359148
383234
392797
401571
408223
418042
425607
436170
442024
453143
458802
469124
473928
490148
499467
508878
517794
525008
529662
539381
544687
552707
560374
572537
580707
587671
593582
601046
606549
614771
620721
627489
632892
638410
642668
656390
667312
673466
678275
684784
690606
702270
710583
718594
723264
736639
742659
750768
755978
761953
767957
779825
788595
799315
805134
814838
821048
828270
832828
839036
843341
853559
860875
868732
874990
885157
893260
902069
908832
920253
926762
932972
938193
948607
953875
962747
967852
977371
983827
991245
994916
1002875
1006630
1014155
1020309
1027875
1032083
1048159
1058973
