13875
20883
27296
30354
39162
44720
49876
53645
60407
64975
75489
81402
88561
95571
101480
104836
117003
123315
131376
135130
141392
145799
152910
157168
164126
168290
177447
184006
190620
195996
204408
209377
217239
222147
227405
230413
238431
242533
262671
273337
280049
283851
293771
301028
323321
334936
342898
346802
354425
358982
364947
368344
375210
379261
385269
387674
395186
400001
406708
411114
420778
426035
434657
439114
446975
452486
459352
464177
