5870
9175
24250
34017
61609
74039
86456
92964
103780
110096
122819
130625
139488
146700
165381
175303
188121
196439
210683
222197
242691
251713
274993
286853
310741
322405
338506
348322
384544
401077
414294
423872
432732
437385
448151
454760
468932
477605
485307
490276
502302
509559
520329
527438
546834
555649
574191
582558
596322
604341
627099
640131
669376
682913
713464
729836
759946
774121
788290
796352
827299
844129
866107
878439
902976
913306
945858
961831
974200
981422
1024403
1048342
1083750
1104227
1120204
1131165
1155552
1169724
1186374
1195689
1210850
1219060
1244751
1257720
1266482
1271790
1293921
1304340
1324623
1336938
1354225
1367053
1375613
1381869
1393187
1401158
1425296
1435715
1457752
1466811
1477881
1482737
1499059
1508025
1522446
1532121
1549000
1557010
1571232
1578242
1588467
1595028
1614911
1625625
1636041
1643658
1656277
1663436
1687021
1699795
1715816
1727435
1768813
1786546
1810135
1823554
1851107
1866087
1887922
1899080
1919761
1930836
1952217
1964838
1985064
1994777
2009151
2018417
2052370
2069251
2097951
2114432
2140989
2156964
2185721
2201346
2216870
2226378
2240858
2247760
2287624
2306652
2344764
2362189
2386377
2401062
2428069
2439587
2464626
2476550
2518319
2536449
2571425
2592601
2601835
2609088
2620957
2628021
2644093
2657123
2668894
2676505
2706817
2722589
2733804
2741214
2755638
2765751
2797499
2818087
2841668
2855395
2882742
2897377
2946064
2969159
3002260
3015533
3044122
3061000
3079980
3090444
3112431
3123898
3156502
3171173
3180889
3189200
3201419
3208209
3220177
3227940
3251728
3266352
3283544
3294365
3315847
3328615
3341785
3350954
3367796
3376011
3408122
3426345
3440906
3448969
3465547
3473207
3481021
3485774
3511427
3526555
3542076
3551787
3592665
3611690
3624662
3634734
3651406
3661568
3686956
3705587
3731627
3746533
3754800
3759962
3780319
3790376
3817788
3830301
3844772
3856543
3867969
3874728
3886652
3892674
3908896
3920116
3940750
3953166
3980130
3995160
4011431
4023197
4040024
4050871
4061134
4066792
