27881
39597
68688
82475
102750
112719
149373
172620
190049
207122
232867
243631
256100
263664
279090
285795
325319
342855
361583
373955
384279
391289
419033
435609
460456
474077
492004
503329
533179
548862
564641
576165
597308
607223
624257
633614
643980
651243
691320
707595
720627
730395
746974
757935
769303
776065
789691
798248
815278
825243
839915
848881
868022
879694
898724
908742
921363
930730
958823
976401
996726
1012322
1027853
1037317
1054593
1064963
1080291
1089349
1098425
1105034
1126992
1143916
1161998
1173864
1185479
1197799
1210777
1221947
1232716
1238422
1268528
1284703
1299827
1308751
1335179
1347396
1373937
1385608
1397524
1403741
1419258
1426821
1433030
1436438
1470647
1489278
1502496
1511762
1535947
1547426
1566758
1579227
1600409
1612577
1627552
1640123
1670930
1686251
1709688
1721359
1752557
1768494
1804397
1826182
1843961
1857040
1877372
1890352
1906842
1915551
1945214
1961939
1975210
1983978
2001802
2010919
2036167
2048887
2066667
2078685
2108688
2123971
2154227
2168249
2192244
2210502
2224338
2230946
2254887
2266200
2279219
2284622
2298057
2308675
2325042
2336963
2353146
2362520
2380159
2392884
2408652
2419118
2437000
2448369
2462424
2471732
2493263
2504290
2520659
2531076
2544552
2552409
2570723
2584605
2602391
2613409
2625226
2633093
2661580
2673502
2698738
2708861
2720025
2727632
2743656
2752526
2768052
2776660
2814384
2830908
2858709
2867271
2891609
2902424
2920315
2930278
2969045
2991937
3019525
3031298
3060739
3077238
3100577
3111889
3139584
3153956
3180417
3193836
3205971
3213628
3231556
3243023
3259057
3271326
3285503
3297725
3320804
3333521
3345348
3353662
3362627
3370538
3395346
3413073
3434447
3449173
