5570
10279
22497
31512
56568
67234
71650
74354
82023
86424
108158
118072
131191
140357
152235
161599
171013
177297
188765
196277
219963
232132
241145
246957
258872
268689
285165
296783
328632
344107
379660
393529
423226
439750
484929
510820
546576
564255
627852
660353
677629
687595
735719
762462
814993
845640
856405
861516
882154
895917
905790
911342
937581
955511
974193
986057
1026819
1049055
1094174
1120266
1134486
1145054
1193978
1213310
