26138
37611
53381
62741
79170
89332
105756
114432
132614
142223
172954
184774
197118
205077
229061
244094
273460
284519
295986
302820
332661
348850
363682
371548
385974
393927
431387
449933
467858
478776
493114
503836
526371
539094
585478
607309
647977
670411
688343
699617
716500
729664
746447
757165
775887
788259
821418
839058
867359
885687
930907
953046
975346
990311
1002682
1010545
1024465
1034692
1047968
1056929
1071913
1082426
1106862
1121837
1133252
1140617
1157267
1166227
1179047
1187358
1194778
1200033
1207090
1212203
1225529
1234341
1247531
1255493
1274321
1289945
1299111
1306182
1316345
1324161
1349052
1362428
1371043
1379604
1395944
1408111
1452777
1474067
1488185
1499501
1526993
1539527
1554298
1563515
1576732
1584494
1638012
1663063
1673927
1683589
1696010
1703237
1706688
1708942
1740489
1760533
1776309
1786935
1802421
1813639
1818244
1820496
1836171
1845442
1852202
1857555
1862618
1864716
1879538
1890708
1916656
1932050
1948327
1960344
1988140
2004972
2015343
2022673
2041803
2053970
2068343
2077038
2086619
2091722
2106948
2113461
2137905
2152306
2160820
2169083
2183557
2190571
2214510
2227580
2241200
2249512
2263086
2270720
2277782
2284241
2307479
2321206
2355622
2372780
