6458
11033
21906
28039
34706
40208
47620
51684
68500
81471
102103
111512
120675
129241
144923
157677
173405
182269
195793
208163
226237
238722
253695
263011
275881
285292
295409
301095
311053
318072
327951
335816
347834
357812
374308
385831
399800
409263
420432
426616
438634
446249
468982
483809
492425
497659
519142
531772
544792
553104
564921
572707
599351
614279
628609
637815
650955
658318
671691
680054
693630
702248
716521
726794
737765
744323
754942
762099
773718
781992
805185
818556
833928
843945
859187
869780
885256
892919
907137
919506
930587
938045
951319
958077
972553
983585
1000811
1011498
1027170
1035933
1052518
1063626
1082716
1094188
1107413
1118173
1136592
1148712
1171346
1180806
1191920
1197589
1212013
1219623
1230245
1236906
1246628
1250772
1264654
1272969
1284392
1291356
1303225
1309355
1314915
1318270
1366743
1390131
1403801
1412815
1428838
1438354
1455884
1467749
1481741
1493012
1503881
1511088
1531569
1545343
1561317
1572795
1582710
1589696
1602112
1608872
1624199
1633661
1647782
1656314
1665928
1672591
1687521
1695127
1707042
1714153
1742548
1755622
1767297
1775162
1795481
1831031
1852056
1862588
1874906
1883718
1892232
1897992
1909006
1916018
1923251
1930311
1940629
1946739
1958705
1967807
1980878
1988789
1997706
2003929
2011534
2017746
2025557
2030270
2041393
2048652
2054661
2060022
2065385
2067889
2081304
2088765
2094973
2098637
2107444
2113653
2126823
2132887
2139743
2144801
2153025
2157260
2169673
2176810
2191643
2204461
2219454
2227822
