6616
10874
21839
30553
40367
47204
57317
64131
68938
72441
103843
115361
123375
127124
141245
149859
156218
160927
176298
185914
199386
209051
220667
229380
235041
238294
251666
260781
265486
269193
276706
282663
291477
297939
311159
318522
323727
327482
333944
338403
343159
348267
353378
356177
361788
364944
368496
371502
377262
381574
384771
386877
391333
393938
398595
401549
406156
408959
412868
414739
420445
424253
430173
435138
442093
446399
455262
459467
487412
503364
547533
576629
580885
583788
593455
599713
607781
613336
623902
630512
644384
652797
663312
670522
700821
717848
731367
738487
744639
749947
761216
768326
774634
779693
794067
802881
834129
848000
861218
869133
881602
889614
898926
905337
915252
921814
947553
958519
968836
975945
984961
990671
1011101
1024975
1034640
1041198
1060981
1070496
1083563
1091878
1108452
1114663
1129586
1141254
1148967
1154275
1162387
1167844
1186476
1199545
1212615
1221679
1267050
1289090
1315624
1330248
1352633
1363597
1380276
1390388
1404865
1413377
1433457
1443624
1467410
1481337
1492749
1499560
1506169
1510776
1537728
1547986
1568416
1584392
1597982
1606896
1614007
1619366
1628780
1636791
1647209
1656422
1685317
1706100
1730339
1744307
1758332
1769353
1781367
1789480
1810962
1824382
1833932
1841924
1849039
1854753
1860153
1864560
1884965
1899791
1904303
1909503
1927696
1938659
1974378
1997460
2012596
2020806
2034276
2043553
2051881
2057899
2067764
2074637
2086405
2093473
2100526
2107137
2118202
2126117
2135183
2141695
2147289
2150443
2157154
2161518
2176734
2190467
2201633
2210906
2219930
2227544
2239113
2247876
2259742
2267559
2287135
2297603
2316291
2333575
2344116
2352223
2363843
2372006
2386882
2397747
2404571
2410381
2417137
2422093
2435167
2444574
2462814
2476374
2483794
2489257
2511548
2527967
2543495
2552654
2561160
2566622
2577286
2586611
2601283
2612052
2629936
2641857
2652871
2664145
2686174
2702050
2724082
2738964
2754640
2768114
2782482
2792302
2819240
2832816
2847395
2855810
