2810
6473
15588
22699
35818
42177
64613
79485
89502
98315
120651
136425
149143
154851
173830
183807
193419
199581
212401
220210
233131
239444
252413
259824
270440
276199
288769
298033
307097
312056
322019
330172
339537
344704
360030
369346
384120
395384
411962
423130
431442
435399
444162
450041
466815
479086
486598
491599
517137
533863
551440
560358
573329
582690
591359
596161
611099
623719
643193
654009
678648
690332
704341
714907
726025
732536
747458
756068
767888
776250
793128
802342
826929
842555
854123
860460
869726
874135
890508
900224
914345
923660
938683
946846
964122
973686
991013
1000028
1023766
1040789
1057616
1065879
1081956
1092523
1117209
1133236
1145157
1152468
1162432
1168142
1181760
1190576
1201492
1209255
1221074
1227734
1235695
1239753
1250119
1256226
1264692
1271252
1284824
1294686
1305706
1312717
1322430
1329792
1340108
1346418
1355331
1360541
1370705
1376366
1387132
1392038
1403504
1411721
1424539
1431200
1442715
1449129
1460644
1467807
1479521
1486884
1497903
1503161
1512774
1518184
1526795
1531904
1541516
1546522
1558342
1564102
1591041
1603763
1623742
1635761
1645125
1650983
1663503
1673269
1689244
1698458
1718188
1729156
1754044
1769217
1783844
1791551
