21232
33551
48976
57888
70959
80525
102778
116699
126664
134076
145545
152227
182588
199162
211832
218442
231514
242179
267921
282994
301020
311954
326224
333235
343151
349962
364333
374550
384765
391925
405049
413058
440202
455109
468778
478045
493518
501179
509642
514992
528113
535579
547693
555508
574184
582397
604934
619957
632976
642491
650202
655010
663574
669433
686715
695323
713429
723144
732307
737816
746229
751939
764206
774677
