6264
10222
25194
33558
60303
77380
89997
97368
110831
119783
235362
286840
301913
310078
323799
332561
347336
355248
372873
386618
397897
405307
435754
455384
470357
478220
491791
499556
521147
532514
560507
576343
589413
599128
631428
649858
699434
726727
747460
760430
767289
771497
777253
781560
796585
806851
836947
850711
860627
869052
899149
922983
946269
963447
979872
990201
1017641
1031615
1043482
1051395
1077085
1096215
1124785
1141860
1153625
1162140
1176863
1187780
1216373
1236188
1260792
1274209
1312568
1336106
1361305
1379132
1394057
1403569
1417891
1427756
1478085
1507680
1528455
1542428
1554395
1565413
1570670
1574186
1588358
1600628
1626316
1638185
1665026
1679448
1698927
1710746
1724920
1734933
1746603
1751789
1763307
1770068
1782435
1790800
1834719
1854698
1875981
1889602
1913789
1929613
1945088
1955355
1972329
1982697
1994465
2000810
2022241
2035713
2048331
2057097
2076678
2091649
2108403
2118433
2135106
2145268
2164566
2174781
2186945
2195760
2225918
2245249
2260830
2270642
2291825
2306106
2314221
2320427
2330909
2338116
2358650
2368963
2387561
2398893
2437204
2461944
2497021
2518808
2529967
2538482
2554305
2562369
2573502
2581630
2599467
2607834
2668331
2703499
