6030
9394
13755
17306
23516
27931
33892
37854
43759
47067
52886
55936
67804
75372
84432
89337
96618
101070
107636
111253
116658
119459
127226
133208
143723
148037
156647
160499
195406
214611
223067
227072
235231
240192
252217
260230
281013
290628
309056
319475
332389
340156
359543
372213
378125
381481
398409
409976
446596
464034
475258
481266
487825
492684
533504
558702
573125
581636
594214
602116
612134
618296
627107
631005
646275
655543
689198
705530
716095
722551
736776
744942
750445
755060
765020
772332
782999
789166
795728
800595
808256
813882
827245
835957
845333
849180
857247
863552
891976
909296
920765
927073
935797
942098
952216
959123
965732
970742
978754
984162
1000188
1009754
1025526
1036942
1051417
1058928
1072951
1080887
1086847
1090312
1100730
1105984
1115055
1121262
1130382
1136189
1143497
1147368
1154627
1159432
1172753
1179663
