9786
15939
32016
42833
57209
67287
79151
86756
97096
103652
116787
123649
130609
135875
148793
157059
165272
171390
185706
196179
218979
235401
246068
255590
264101
268554
278677
284278
296848
306910
317547
327918
341535
350054
364071
370680
378291
384815
398834
408650
414961
418766
432039
439296
453671
462891
473019
479932
488895
494711
502968
508291
517397
524059
538983
548497
558315
564625
572835
578844
603593
622925
631534
638898
646909
653674
660631
665539
674954
679409
689726
697096
704961
710968
716935
722140
731951
740130
764810
777982
792305
801268
810936
817493
832444
841349
849916
855726
866343
872953
885768
892883
902848
910216
916924
922385
940918
951831
966811
974332
987051
995209
1001719
1007136
1018256
1025969
1039034
1044547
1057024
1064198
1076119
1085185
1106199
1118073
1126833
1134980
