5959
10067
26737
36952
80433
100712
122447
137773
167215
181887
194257
202570
230268
245089
256253
265536
279409
288889
300451
308021
319039
328703
362851
383632
401862
412585
432566
445185
466332
479098
506091
518511
536137
546652
559777
567440
577761
584370
613767
627641
638770
648432
696906
722449
758821
777800
793426
804748
816822
824844
838611
848833
882283
903416
927149
940227
964407
979933
1000112
1011331
1032566
1043630
1166874
1220364
1244556
1259924
1320068
1364058
1391003
1401480
1474863
1509369
1524489
1536509
1563609
1578436
1596660
1608345
1643850
1663216
1701785
1723820
1750208
1766337
1774953
1782067
1837259
1861700
1875871
1883689
1922598
1942022
1960202
1967813
1990600
2002566
2016485
2026402
2035314
2040976
2061286
2075714
2098946
2111713
2125536
2135602
2159138
2175426
2206821
2230306
2285703
2319964
2330124
2337733
2353406
2363888
2429608
2469323
2492415
2507535
2540763
2558942
2662704
2716049
2766973
2800329
2834179
2854069
2881215
2900059
