27241
42964
56293
68113
81376
89048
99809
106874
118288
128059
141324
151246
162357
171727
179033
185297
200770
209428
220301
228958
245592
255001
273842
286762
296078
303684
318416
326682
337508
345219
357442
366910
386084
397822
408236
416554
426619
434085
452409
463272
475145
485611
505941
519410
529685
538305
555578
565659
581285
593005
600415
604491
617564
626226
645626
654086
668752
677615
689787
699452
707669
713773
723337
729896
754193
767324
783047
795368
811348
822914
831423
837587
851804
860318
876648
888977
908907
922645
936417
950537
964963
972825
986244
995157
1009137
1019456
1027616
1034928
1051979
1060497
1068851
1074158
1086932
1096248
1120883
1136859
1145068
1152484
1174466
1186532
1197712
1205476
1215143
1223650
1236667
1244526
1260352
1271833
1283702
1293668
1301528
1307987
1320105
1331220
