5998
10105
17517
20563
25867
29375
37840
44499
58319
66033
78250
85412
96677
103841
115156
122018
132383
138893
145909
152765
161526
168287
176251
180858
189372
194379
203992
210101
218988
225002
236464
244131
254893
260854
268865
273673
283838
291802
301315
307025
316748
322902
335370
345334
357157
364513
370323
374937
388651
395913
402772
406780
414943
421102
430165
437278
449849
456457
466622
473833
480594
485351
494016
498922
506936
512641
521406
527115
536430
542540
553559
558966
568333
575389
581399
585805
593170
598479
607141
610844
619759
624318
639388
647602
655313
661024
671540
675796
687765
698782
707546
713967
719223
724382
732191
736600
741560
744913
776389
792982
803300
809962
825591
833204
846322
853936
861393
865204
874561
879418
886630
890483
896502
901001
910068
914372
920833
924537
933310
939172
944680
948290
961812
969667
978681
984590
1005537
1015449
1022165
1025313
1034183
1038834
1044995
1047498
1058418
1063973
1070947
1076903
1082615
1085918
1092980
1097739
1106251
1111058
1117323
1121982
1128532
1132389
1142208
1146823
1155535
1160292
1168357
1171763
1181226
1186993
1192994
1198606
1204569
1208067
1213728
1218042
1224650
1228453
1238967
1244474
1252388
1258351
1265716
1270943
1279053
1283656
1294194
1300599
1306510
1311319
1318892
1323595
1330812
1335365
1342528
1347386
1353354
1358262
1365671
1370431
1380345
1386555
1392964
1398673
1404189
1407836
1414068
1417023
1426288
1431347
1438106
1442562
1450489
1454341
1459447
1462910
1467861
1471216
1480995
1486308
1497729
1503486
1510801
1516360
1522266
1525664
1533377
1538636
1544745
1549009
1554217
1557574
1569542
1577054
1582713
1586369
1594354
1600772
1607894
1613198
1622613
1627326
1633778
1637784
1644052
1647857
1658368
1666180
1673494
1678649
1690174
1697781
1706893
1711355
1718632
1722592
1734305
1739664
1746874
1753136
1758293
1762008
1769518
1775179
1781487
1786346
1791960
1795170
1807110
1814112
1822076
1827586
1835145
1841259
1848865
1852828
1858184
1861138
1869656
1873856
1880528
1884181
1890189
1893451
1902008
1906725
1919341
1926147
1933560
1937115
1942123
1944633
1961254
1969816
1977388
1983299
1988815
1992036
2000146
2006108
2012265
2016626
2021883
2025339
2037311
2045366
2052744
2057145
2063254
2065863
2073219
2077480
2085447
2090048
2095515
2098724
2105488
2109539
2117454
2121259
2131075
2135779
2150452
2157869
2168821
2178896
2190667
2198284
2204944
2209300
2227172
2236239
2243906
2250316
2256771
2260435
2268756
2273259
2279266
2283672
2289242
2292648
2304826
2312700
2319050
2322756
2336127
2343335
2353749
2360510
2368378
2374487
2382403
2387654
2394416
2398118
2404087
2408208
2414517
2416771
2427435
2434248
2445162
2450772
2458139
2464743
2471007
2475564
2481930
2487645
2493456
2498666
2503929
2507737
2518857
2526219
2532872
2537679
2543641
2547445
2558209
2566276
2573537
2578592
2587806
2592671
2604707
2611866
2623634
2630446
2637006
2642561
2656383
2666102
2677266
2683191
2690196
2696406
2704219
2710637
2715898
2719709
2726914
2732624
2738484
2741389
2748207
2753314
2766583
2772893
2779355
2784267
2792128
2798459
2804963
2810425
2818186
2823394
2831062
2835988
2842256
2846410
2852167
2855875
2862394
2867498
2875468
2879821
2888182
2893388
2903559
2909223
2915191
2920903
2927011
2931535
2938691
2944052
2950557
2955115
2965080
2972149
2978403
2982562
2989767
2995027
3007046
3015910
3022477
3027693
3033753
3037001
3042361
3045512
3051450
3055501
3063564
3068228
3074837
3078550
3085507
3090366
3097775
3102234
3110200
3114500
3121962
3125523
3152262
3167994
