21534
33204
44419
52081
80675
99405
114127
124245
148331
166415
179582
186441
206373
217867
236846
248363
275457
289175
301446
310660
345964
359686
401708
422882
434952
443416
460193
467354
482627
494727
508148
518464
544003
559227
574050
584517
593784
598940
607753
613363
631536
640159
652675
659829
671748
681999
688758
694391
709468
718731
734003
743620
762497
773114
786686
794348
829502
842570
867962
880481
893453
902065
920843
932111
979444
1009241
1022810
1032875
1053363
1069936
1085911
1096126
1131481
1154417
1168237
1178704
1194576
1205396
1222322
1235291
1245557
1253621
1280709
1296436
1305450
1311710
1325180
1333142
1349165
1358081
1367045
1371552
1383375
1391133
1410061
1418073
1441507
1452621
1464439
1473601
1484671
1492132
1509958
1523631
1568753
1591657
1623759
1641086
1667175
1680845
1714799
1731225
1759117
1772839
1787562
1798130
1811950
1823167
1839446
1848557
1864030
1872191
1881258
1888269
1899786
1906047
1915711
1921420
1931886
1938995
1951916
1958636
1969055
1975264
1989035
1995946
2010467
2017229
2025291
2030397
2041066
2049829
2061248
2067457
2080325
2088941
2108418
2120289
2140869
2154090
2169915
2178527
2197227
2209348
2219763
2226724
2246705
2256921
2279454
2293125
2318466
2332788
2347972
2357387
2372909
2385832
2405510
2420991
2443925
2456043
2472129
2483955
