6009
10062
17772
21177
26587
29891
40654
47716
83213
99185
115407
123919
136938
147901
180656
196285
216015
231386
252465
267034
288163
301379
313297
321108
343688
358457
386247
398461
415087
426907
479223
506711
521031
533248
543262
551973
575053
592178
634786
650756
671886
690263
705181
715044
730215
737526
771170
793703
813179
826846
861200
883229
895497
905811
944363
965140
980013
993731
1037342
1059872
1091371
1103779
1135624
1153850
1185141
1204920
1215883
1223042
1243272
1253637
1274514
1290086
1317723
1330991
1355224
1368492
1402791
1425121
1439789
1449273
1462642
1471354
1485625
1492883
1506502
1513712
1542901
1553714
1567985
1578712
1612307
1628703
1659294
1672461
1701150
1715319
1752919
1773897
1789220
1799133
1828273
1845247
1853560
1859917
1870881
1876790
1904576
1918195
1936469
1947792
1966180
1978896
1995820
2005834
2040082
2058706
2082792
2097108
2123546
2137265
2161448
2175316
