6057
9759
17723
22081
36697
44010
59728
72346
86071
93373
110498
121564
137734
146799
165393
177410
207149
225623
236438
245058
286458
312003
323767
331931
357113
372184
393765
405331
423907
435772
448289
456457
474223
483889
520487
540515
556837
568553
584575
593438
615716
630187
641854
650216
671245
682558
701084
711751
740039
753956
795064
814840
831962
845079
879327
893698
910520
922537
952133
968391
976151
981410
1006191
1019860
1044894
1061868
1091907
1110384
1125604
1136069
1147634
1154144
1170866
1185937
1195949
1204512
1226693
1242547
1260970
1277695
1316998
1343334
1369519
1383289
1396856
1406921
1419187
1426646
1440816
1448276
1476364
1493740
1525582
1547313
1577602
1595328
1610359
1622026
1641000
1654219
1678852
1690669
1713600
1725022
1748398
1764620
1789553
1803971
1816341
1823951
1839023
1850035
1863806
1871251
1885219
1890878
1926427
1942957
1951269
1955275
1973149
1983217
2005644
2018010
2034484
2045399
2079293
2097519
2122051
2133718
2151394
2163310
2174674
2182362
2202688
2217007
2237138
2251656
2265725
2276091
