5632
10086
18295
22803
26708
30064
40378
48387
65661
76478
90245
99207
114328
125042
136368
144479
178627
197301
240912
264642
283020
293983
303645
311455
318017
323624
337041
348657
356267
362577
373693
381353
397274
407189
414799
421508
431421
440934
456662
469172
487497
497960
525100
542373
560696
573515
596146
608963
643109
659740
681463
694681
703893
712153
732232
748407
792614
814845
834669
846187
874575
897006
907369
919888
933454
941918
970606
986477
995841
1004152
1016119
1024830
1044659
1056123
1075255
1085615
1105192
1118358
1148060
1165383
1198528
1217053
1240336
1257509
1273931
1286014
1306143
1317212
1331829
1344995
1359917
1369830
