5542
10650
18659
23868
29574
32931
39189
44143
55811
65623
76339
84448
107431
123804
144681
158501
169613
176827
188647
198106
234052
254432
273859
285474
309057
329288
345505
361678
387363
405287
442639
463417
496160
515588
534614
550236
568460
580978
594396
604159
634901
656138
679334
695156
714382
728351
750533
765150
775414
781624
802403
816219
828235
837300
863035
878957
894378
903991
935584
953809
970481
983599
1004277
1017244
1044283
1063159
1102012
1122890
1156384
1176564
