6602
11055
29181
39446
52163
60329
68988
75495
112393
137381
174779
199568
245478
271861
293892
309115
321031
329540
358781
375405
399887
413907
422519
427876
442496
452410
483002
504628
519702
532669
548439
559205
574276
587790
611786
626755
645479
655694
699455
726042
754580
773555
787775
799889
822020
837591
858771
875595
896072
909541
929217
944887
968020
982588
999115
1011129
1039470
1052536
1071260
1084179
1107961
1120477
1139203
1152372
1178107
1193780
1225772
1253761
1269438
1281899
1343984
1382884
1408972
1426794
1485828
1528935
1551967
1568890
1585612
1598631
1620861
1633627
1643690
1649751
1656060
1659915
1678690
1691859
1703624
1711135
1725303
1733416
1741574
1748737
1759006
1766310
1780779
1793194
1831598
1848564
1931575
1984800
2029860
2063205
2088692
2108169
