6965
11324
27144
40813
57884
70052
112410
136846
153214
160365
173431
182496
198617
211584
228507
240674
257295
270463
299054
318231
335254
347668
361490
373558
401092
427479
452964
469886
499375
519755
546589
565017
595457
611178
621443
629302
651234
665804
693642
712166
724935
733948
755528
769948
799837
818963
845699
866627
887304
900274
912040
921252
932617
941581
956901
969370
988945
1001050
1010563
1015371
1026485
1035208
1077017
1097245
1116671
1127138
1170700
1195878
1214301
1226074
1235932
1243142
1258513
1266824
1301521
1321150
1332812
1341128
1366260
1382832
1398955
1406917
1424190
1438407
1465195
1478263
1522525
1547008
1562935
1571739
1587961
1601882
1635427
1653504
1671876
1683094
1691606
1699414
1707777
1714788
1737877
1751797
1763011
1771322
1784195
1792216
1803782
1811194
1829018
1840484
