6250
12058
41498
59323
78399
93470
122107
137680
151147
161463
189199
201617
220243
231909
251384
261247
296097
318327
341458
355778
387671
407747
451584
477771
518926
541356
573850
597834
619662
637287
655061
665325
673538
678844
685103
689008
734070
764662
770519
774025
779633
782734
787693
790596
811877
822940
828499
832454
849477
861395
884075
896292
904552
910860
941402
958627
985514
1002888
1028571
1043193
1057962
1068225
1089005
1102422
1133316
1153994
1173669
1185849
1202571
1212385
1228956
1240923
1261802
1277234
1313232
1336412
1351134
1361548
1390237
1413067
1453824
1478306
1503596
1518663
1543997
1559864
1594360
1616343
1650940
1669664
1709169
1729255
