10039
15045
22456
28165
52997
65014
81037
91049
102765
112227
121241
127750
137013
144723
164155
178319
187229
192191
201399
206106
216118
222174
229884
234790
252617
260775
271241
276999
292369
300681
312047
319957
328572
333876
346544
357059
370927
382044
392206
400817
416589
428208
438971
447784
459748
468663
478222
486436
506463
516426
526391
531997
539808
546217
556081
565644
574455
579512
590428
599589
611906
618716
656818
673541
682654
688313
700277
707738
718752
725912
737028
743737
759708
774529
787897
795957
809025
818338
829054
836746
846057
851421
860134
865990
873203
877357
883465
888873
906296
916316
925329
930036
944002
950613
959574
963281
970440
975798
996476
1006790
1020758
1030172
1042989
1053791
1063153
1071412
1086386
1096449
1106412
1112870
1127891
1137106
1145316
1151774
1159434
1166141
1176206
1183567
1192428
1200240
1213057
1220716
1234536
1243750
1256516
1267234
1280800
1290062
1304130
1311621
1329094
1339008
1353675
1361539
1371602
1379613
