5564
9221
14778
18082
21736
24491
28094
30599
34955
37808
45818
52078
61540
67851
74709
78965
88677
95188
100794
105301
113010
121305
136527
150246
154385
157092
162397
165803
171812
174616
182477
186080
197097
202954
208562
211465
217073
221729
232345
238001
244861
250168
259580
265287
274202
281962
290072
294839
303353
307456
312264
317970
323527
327234
335244
339152
348263
353522
359178
364590
376952
383010
392972
399631
407643
413301
421864
426970
433628
438291
450800
457913
468776
474635
481896
487853
494913
501170
508430
513689
519746
523002
529862
532559
537870
541023
546730
548984
554341
557997
566106
571463
578174
581779
589690
595656
602156
608276
615786
619579
627791
632044
640809
646617
652824
657130
667599
673736
680267
683621
690479
695486
701944
706352
714011
719468
724274
727129
734690
739297
746254
749310
755573
759374
766832
772792
780102
784709
793721
799078
805886
810442
819454
824515
833529
838987
846647
851551
861416
864371
870579
873782
879643
884350
891409
895163
902623
906679
912386
915591
923552
928912
935719
940074
946081
950587
955646
960352
966772
970632
977084
981639
988252
992504
998263
1001318
1008176
1011733
1018592
1021646
1028356
1033011
1039920
1044676
1051586
1055993
1062352
1065256
1070112
1073617
1078121
1080976
1088738
1093294
1098550
1101755
1107863
1111569
1117529
1121280
1126587
1131193
1137305
1141364
1148877
1154687
1162848
1168556
1176367
1183580
1188783
1193141
1198346
1203303
1235347
1258134
1266141
1271647
1278555
1281460
1291224
1297583
1304891
1308347
1313254
1316559
1321615
1326522
1332180
1334532
1339188
1342745
1349054
1352906
1360820
1366076
1382097
1391361
1398470
1402827
1410036
1413990
1419949
1424306
1429911
1433267
1438927
1442231
1447485
1452193
1457451
1460404
1466062
1470318
1476176
1480182
1485839
1490245
1496653
1501910
1509722
1514781
1522789
1527708
1534066
1539371
1545029
1548286
1553443
1557848
1563657
1566761
1572917
1576774
1582832
1586638
1592644
1595950
1602459
1607668
1613023
1617780
1623787
1626592
1634402
1637655
1644415
1648221
1653680
1657334
1661940
1665295
1670353
1674108
1679014
1683169
1691781
1695738
1702996
1707904
1714161
1717967
1725878
1729483
1735992
1741399
1746957
1751811
1758722
1765181
1773742
1778898
1787762
1792717
1799277
1805735
1810743
1813849
1818854
1822310
1826414
1829119
1834524
1837279
1844889
1850098
1864265
1875933
1882041
1886597
1892206
1897363
1902869
1907123
1913984
1916989
1922145
1927451
1936967
1943728
1951145
1954748
1960958
1964764
1970020
1973075
1981088
1984590
1991002
1994655
2000162
2004116
2011176
2016835
2023594
2027751
2034561
2039514
2044273
2048178
2053384
2057842
2062946
2066453
2075566
2082997
2085501
2090222
2093678
2101991
2107246
2112301
2114854
2120664
2124918
