5912
9367
16788
21294
28471
33020
44696
53756
69832
80495
90307
96717
110336
121300
131413
137433
154154
165821
175285
182997
194458
203524
212639
218344
227456
236726
246642
255110
263175
268329
282098
289308
297520
303896
315062
326233
335947
345010
352920
358781
367238
372997
379754
386666
409447
426168
445095
459062
505578
533775
546344
554956
589396
612532
633854
645870
660091
670405
685274
695634
707549
715713
723222
730083
742100
753111
761423
768437
780707
787460
804682
815663
825621
833682
842010
847011
853020
856071
864638
871449
879605
884970
899540
908097
917260
924720
938588
946950
953855
970478
982044
989452
999568
1008028
1017091
1021997
1031561
1039173
1048382
1054440
1063302
1068458
1079172
1084534
1091390
1096214
1102571
1107277
1115741
1120948
