7751
13806
21214
27077
34642
40501
48318
53070
68392
78301
93445
102357
115723
123535
135101
140807
148771
154228
163243
168699
182115
191879
200691
208501
212856
216012
221266
223821
233839
240895
253012
257966
269884
277348
286055
294619
301078
305282
312749
318949
332774
346091
356952
364324
370538
377291
385651
391131
399391
405199
411556
416764
421679
425928
433041
438345
444451
448362
454071
459926
472791
479001
489913
499379
504940
508037
514248
519121
