6056
10212
17574
24733
37748
47839
88293
112876
132003
144871
174020
193253
210809
238289
283364
311603
355323
381870
414917
437165
465856
482230
492941
501200
508261
513569
523733
531395
537504
543612
569494
584369
607510
620174
636453
649157
667700
677762
689984
700745
727499
742824
786682
809564
836900
856892
905232
931267
950593
963960
974175
981584
997407
1006719
1019948
1027706
1036470
1042782
1068515
1084637
1094098
1099157
1110169
1116279
1134453
1146672
1157938
1165797
1178917
1185424
1199544
1208506
1228030
1243213
1258450
1268412
1322497
1352439
1365208
1373915
1385030
1393043
1422886
1437956
1472002
1490880
1506346
1517573
1531541
1543609
1565538
1579265
1603960
1618033
1645618
1664643
1675911
1683874
1714464
1731085
1743701
1751162
1771989
1786510
1807437
1817301
1844288
1860462
1876331
1885848
1907275
1916538
1933263
1944124
1954488
1962751
1975368
1984378
1997949
2007713
2027788
2037353
2050018
2058730
2068398
2076356
2092026
2102242
2114259
2122468
2138842
2151659
2158725
2165025
2189661
2207135
2232017
2247590
2272123
2285890
2295904
2304568
2360743
2386030
2400298
2409712
2439352
2458720
2477445
2492966
2515896
2531569
