6032
10338
14641
17498
24954
31514
50793
63514
75874
87096
114578
134554
147928
156837
198212
221944
247997
264864
283150
296616
313145
327811
349296
361905
384636
401163
419283
429400
437660
444822
460745
473309
493586
505604
522375
532391
552967
567640
576551
582565
603946
616262
651612
669787
690178
702694
711802
717868
727475
736037
761771
775942
796568
809837
825858
836626
891048
921591
952933
973061
986877
995339
1012415
1024231
1033242
1038950
1055528
1067490
1104241
1123866
1154158
1171532
1181994
1189908
1221902
1242678
1253393
1261855
1276073
1287840
1320335
1337609
1350877
1358988
1373957
1387228
1420870
1437095
1456672
1467435
1480004
1488211
1506488
1519456
1553051
1565618
1580939
1590503
