16216
24234
47560
63331
77500
87065
101633
110443
121860
129121
135285
140787
160763
175132
207377
228855
243576
252039
269861
279878
294046
301106
321184
333249
356584
370000
386269
395733
404345
409731
445130
464913
481529
494649
522835
538105
587623
613360
631383
641448
653063
660475
674492
681853
691115
696974
704734
709942
718702
725093
744970
759642
773710
782521
796239
803200
822124
836946
872444
899783
910394
917855
932025
943440
953304
961066
989304
1003974
1026304
1036119
1051740
1061351
1080929
1094499
