6239
10195
13947
17052
23711
29975
40436
47396
56408
63501
93842
108162
138554
155328
164989
171299
180912
188139
207115
217228
238029
252049
271925
285393
313932
331462
344424
354037
386581
406610
435850
453223
482763
497684
520966
534202
541563
546671
556884
566779
582902
591563
615596
631619
663611
676283
690702
700813
716134
728551
765049
783726
795543
807659
823429
834043
856275
868341
887617
901288
931727
949104
969131
983047
988707
993615
1010034
1019857
1039225
1055298
1069316
1078127
1096452
1106968
1130599
1143968
1158538
1167700
1199292
1217168
1249261
1269940
1284962
1294122
1308240
1317755
1334831
1349947
1390452
1419445
1441823
1460850
1477684
1489650
1524596
1547328
1562399
1570911
1585481
1593691
1644961
1671599
1687771
1699236
1716108
1727424
1753410
1768681
1787205
1797270
