6253
10110
13620
16769
26081
30786
42454
52618
61231
69792
97328
112449
129672
141087
169927
187850
213887
228309
247488
261100
280579
295099
322486
339960
357635
369449
422327
454416
492668
520205
570874
606675
627351
641676
658493
669860
698249
713820
728290
737951
758931
775055
799436
816509
849958
870283
906233
931718
957001
976929
988095
996911
1014886
1027003
1048132
1065973
1079996
1090459
1109786
1123654
1137673
1145934
1164008
1172521
1179179
1183684
1200009
1211976
1220285
1225492
1236657
1245021
1269151
1283671
1295788
1302396
1317868
1329734
1338598
1343703
1365032
1380204
1392019
1400480
1417753
1428871
1437983
1446045
1468324
1484347
1522196
1546180
1566007
1577574
1602607
1615525
1653126
1677461
1697987
1711857
1728629
1738994
