6214
10970
15127
18079
21984
24490
33603
38759
48471
55481
66497
73807
81166
85873
95838
101895
112059
119719
133836
144653
156017
164080
183207
192969
204533
212196
235476
251500
259860
264567
277032
285045
294358
302319
315337
327303
335262
344115
362141
375760
391931
403347
413862
418967
439345
448409
483505
498429
518703
534526
545941
552198
566324
576782
583843
589802
600264
606983
620708
630868
643035
651997
662309
670546
703993
725021
752659
767453
775262
781072
798194
809662
821425
831040
842404
850015
862882
876701
887766
895529
907744
916004
927420
935130
946197
954406
967978
975186
983647
991459
1006028
1015440
1029760
1041325
1053443
1058350
1073420
1083483
1096201
1106667
1115576
1120735
1136908
1150826
1160740
1168423
1182294
1190707
1204523
1214540
1226052
1231562
1238570
1244127
1252789
1259849
1275070
1288575
1299639
1307851
1319602
1327411
1343533
1353949
1366964
1373475
1396958
1409374
1422692
1430454
1443118
1452082
1464351
1470610
1481621
1488481
1498695
1508407
1516218
1520626
1529187
1535096
1559328
1571449
1582611
1588618
1597841
1601698
1609611
1614667
1620825
1626780
1634597
1639551
1650965
1659326
1669548
1675800
1683360
1689618
1703087
1713552
1722414
1729597
1739058
1745966
1755581
1762641
1774957
1784872
1799100
1811067
1823632
1833997
1848468
1855976
1866142
1874953
1883316
1887756
