5967
10273
14131
17285
20888
23547
39119
46324
51531
56237
67102
72957
82171
87531
99796
105504
119021
129033
134343
138097
146767
151167
160028
164133
172294
179905
189467
195777
204139
209997
221813
230174
239635
246697
257410
265223
277264
284426
297893
305309
313115
319437
324643
328349
338712
344321
351982
358711
368772
375783
383392
387698
393608
396412
403019
406375
412782
418591
428756
435062
444328
449584
460848
466707
473166
477977
488385
494945
501805
505911
513572
518428
527591
533197
547817
559182
567044
573002
584268
591427
598486
603743
615009
621516
631833
641093
646151
650306
654013
656366
661070
664618
668033
671135
677944
683603
691614
695870
702779
709643
717301
721761
728267
732271
738031
740885
749947
755856
762220
768423
775132
780040
791705
800817
809179
816037
824671
830730
837590
843348
