6228
10586
14141
17648
24757
31716
39674
45133
56850
64758
91345
107619
123091
133353
138566
142215
158644
170805
184521
193037
216968
229385
242250
252665
267384
279404
297177
309341
323362
337684
353303
363618
385597
397318
425553
445930
461098
472818
493195
505459
516426
524087
545518
558584
572101
581763
612026
631704
652335
665550
691184
703101
721124
734945
748321
758428
777012
788978
806550
816818
832737
841601
856970
867835
894522
912447
922762
931022
953457
964919
985746
998962
1007927
1016790
1027451
1035362
