6451
10708
19118
26242
44209
57481
77001
88514
138832
174179
178588
182144
188504
192756
207425
215388
222400
228907
239121
245579
264342
276454
288424
296431
325535
342706
358479
368240
384190
395802
457685
488037
517635
535680
543806
550216
572046
585659
605740
620753
659971
679708
694174
704437
716406
724266
735380
742993
751505
757718
773681
783099
799317
809731
820247
826354
839022
848182
858451
865606
884844
896609
908526
919251
946989
963325
977104
985489
1001361
1013077
1026944
1038178
1055704
1066983
1075743
1083254
1127330
1150405
