6231
10845
18650
23555
39634
50046
60007
69201
79213
86473
97941
103996
119385
127240
140557
150379
157780
164097
180624
189635
197196
202102
216234
224845
233306
239914
246072
250530
261809
273424
285141
291593
306173
315306
323772
329738
338151
345412
357232
363544
372157
377302
387816
393836
407052
417767
424826
431737
439946
445704
453264
457920
468133
476096
489262
497981
507291
514946
524262
531427
541188
548893
556754
561505
569270
578629
587945
594657
603718
608419
616833
621341
637111
649395
660362
668132
680513
689222
700186
712359
718566
723821
732685
738588
748803
755406
762922
769423
780839
789151
806325
816588
