6746
10901
20519
27533
35696
39963
52676
59140
66294
69310
74821
79323
88189
93544
99153
103315
111518
115531
121933
126125
140246
149504
156264
160528
172927
181846
190121
195879
202737
207449
218608
226819
237987
245393
255567
262418
268834
273938
284550
290310
297718
301571
308282
312688
320047
324453
332264
337523
347284
352945
362507
368875
376038
381541
390107
396463
403720
409730
418391
425256
432060
438317
447838
455548
465120
471274
483138
490805
499911
506633
512842
518247
527215
532575
545142
551352
564379
571706
584022
592431
600644
606952
613962
618967
626678
632538
641404
647258
658125
663931
671750
679664
690674
701099
709512
715169
