5373
8929
12381
14080
18339
20845
26556
29407
33862
36715
40823
43679
47927
50983
55940
60554
64904
67768
73061
76866
81030
84628
91005
95009
100825
104625
111387
117953
127163
131068
138829
142591
158766
169132
177658
182158
192422
199548
208665
214221
224791
232999
258395
272869
283333
288590
297651
305659
315235
322895
331161
335361
345176
352895
360872
367779
381210
389615
399678
408490
416563
422179
430652
436310
447622
453781
460450
465864
475774
481038
487953
494127
502280
507436
516450
524159
537335
545446
550809
554464
564273
571889
578449
582749
592211
598874
610287
617637
629502
637162
645373
650580
659894
664908
677423
684431
697055
708836
716047
721799
