5538
9595
13706
16759
21113
26268
30939
34538
39697
43007
47209
50562
54921
59375
63481
66735
71145
73446
78400
82711
89617
93022
97432
100782
105343
108893
113700
116551
122317
126527
132436
135287
139794
143402
148205
154313
160123
164180
168939
173198
178353
182263
187922
191127
197433
201488
240143
258469
264373
267679
272634
277443
296729
308442
321510
328621
344244
353965
365182
373044
390125
399539
414928
429806
468563
490545
494847
497404
502158
505862
511722
515816
521113
525220
529834
533533
539588
543745
550660
555610
560671
563774
570386
574737
580808
584257
589918
593572
598730
602735
610298
614618
619874
622872
628832
632736
637944
641601
647012
650667
657171
660929
665684
668897
679711
687424
691076
694436
698644
701343
707656
711363
718070
722079
725097
727895
734156
739059
744468
746832
752129
754587
759487
762541
767001
770752
