5982
9638
15401
19898
29072
34484
45501
52259
61521
66926
74385
78491
87712
94123
105875
112037
121745
127766
138981
148092
157606
163414
172728
176783
187748
194906
200914
204873
212635
218088
226347
231321
235575
238984
246487
252919
259727
264730
276696
282967
292530
298037
302147
305547
313157
320219
324623
327478
343063
353039
361151
367606
374061
378677
387490
394357
406178
413034
418292
422902
427105
430757
442991
452388
459656
466175
472084
475246
488007
495668
504695
509898
518259
524618
535831
544394
551854
555861
559668
562672
570136
577041
583096
586806
596314
604944
616650
623710
629921
634131
639183
644488
650705
658207
664816
668872
677834
684845
691354
696211
706339
710939
718611
724611
729970
733420
739587
743687
751144
755357
762461
767417
