5396
9297
12647
14502
18562
20318
24914
26775
30677
32828
37733
41547
47005
50262
56726
60524
65335
68835
75946
82112
87161
90466
97874
102834
108089
112152
119325
122489
130974
134537
145490
149845
156756
160465
166068
171326
178752
182254
187309
191413
196830
200894
208047
211664
217420
220975
227989
231237
238804
244161
251169
254768
259275
262330
268850
273756
280321
284051
293914
301167
308176
311789
317247
320702
327702
331758
346985
359474
366831
370137
381901
388711
395685
399692
409397
414906
421664
425568
439041
444307
451266
454823
464339
470593
477508
481154
489424
493221
499786
505577
513234
516391
523701
529215
536315
539572
544431
546637
553290
556949
561804
564813
571369
575218
582683
586389
593045
596506
609215
617679
624686
628292
642078
649083
656091
660296
667466
670623
677881
681637
688949
692202
699361
703166
709576
713831
720739
724749
730552
733805
740614
745572
751032
754991
762199
766452
774561
779633
786437
790894
796405
800016
807577
811283
818546
822496
829558
833612
844629
848713
855973
860324
868838
873695
881205
884509
891066
896778
