5457
9113
12872
15922
19929
24329
27742
32097
36603
40061
44217
47818
55335
58387
63692
66722
73932
79036
85748
90864
95793
99293
104647
107758
114069
116767
121831
125135
130593
133347
137700
140855
146313
149721
156578
160298
168602
173808
180723
186026
192793
195640
202554
206505
210213
214766
219824
223502
230550
233956
241413
245966
252680
256331
263557
267660
271964
276068
281228
284431
289537
291892
297599
299754
303958
307061
312973
315823
320185
323041
332846
338104
343173
345462
348868
352676
356439
359567
364926
367832
373290
376596
383559
388619
393674
397581
403203
406049
410970
414174
421132
426437
433497
437453
451723
458430
464543
467745
474359
479763
487422
491829
502944
508040
515899
519003
524509
527114
532923
536677
541596
545399
551011
554717
561269
565027
570885
574090
582919
586626
595086
600193
611980
618388
627349
633060
638967
642421
650886
655442
664665
670974
675826
679081
683237
686991
693955
697255
707771
713682
722640
728647
735510
738963
749730
754083
762395
767008
772410
776264
