5369
9427
18344
23495
30853
36161
42371
46678
52735
56438
61097
63802
68156
72264
84328
92692
97644
100651
105856
111265
117824
121679
130492
134690
141103
145057
150914
155271
161378
164433
173646
179355
184060
187185
202104
209965
213670
216326
226388
231496
235700
238356
242560
244914
253173
258130
264389
268146
276256
281964
287971
293015
304228
308434
312541
315545
323260
330766
340580
345786
353245
357152
366064
371170
385792
393803
406920
413880
424543
428838
434445
438300
443257
446759
453467
456724
462981
466637
479403
489014
495074
499832
511348
518007
529221
537533
552352
559763
574184
584798
593157
598113
608529
613637
620345
624302
635567
645830
658897
667211
674620
678975
695449
705062
711518
715928
