5342
9347
13353
16259
20419
23618
30327
34833
40740
45596
52007
57965
67276
73048
93223
104890
110550
114152
123915
129775
137184
145197
155008
161817
171781
178341
184849
188406
197117
202023
207681
211686
220748
226106
241134
249489
257998
265160
277026
284485
292747
297254
301760
304564
309269
311630
315125
318482
330259
337917
353791
362253
366760
369963
375274
378775
384632
387086
392241
395196
399253
403258
408766
411718
422533
427741
435352
439859
446315
450177
