5697
9204
16412
20670
25625
29782
33637
37792
50159
57367
62325
66329
71987
74843
78497
81501
87208
91213
95769
98425
103680
107389
120154
127815
132522
135125
140432
143185
151947
156602
162913
166666
171230
173929
179284
184540
188698
191302
198561
201771
207022
209927
215383
218587
223095
226500
234011
236657
245563
248870
254026
258031
264239
267242
275403
279010
285371
290774
297285
300489
313257
320116
330079
334987
342496
347333
354643
358650
365460
368964
376475
379879
385988
391945
397903
402309
412272
417029
428143
433403
443916
449424
460487
465345
475358
482667
495485
503246
517066
524474
