6190
9187
14091
17649
20701
22757
25609
28314
31668
34171
37024
39979
44536
48040
51448
53999
58907
61314
67726
70382
75793
78592
83448
86351
92462
95672
99324
101873
106296
109957
115073
117924
126486
130743
135002
137950
142256
145210
148519
152319
156474
160182
162790
165143
168446
171196
175654
178459
185365
190124
195430
198482
201537
204139
208654
211754
215459
219112
222676
224766
228316
231574
322293
368956
371714
374067
377516
380277
384882
388133
392737
396495
399649
401999
411662
416621
422480
426887
432191
434844
442357
445307
448566
450318
453819
457978
463493
466941
471945
474699
482363
486968
493539
496790
502148
505059
512510
517529
524195
529248
536052
538806
542514
544766
554578
560438
567357
571362
577020
580979
585834
588743
603922
612751
