5503
9056
14511
17370
24029
29232
36643
40995
48607
53316
59571
62633
67691
71000
74503
77005
79206
81309
85218
88271
95432
100190
102949
105694
111250
115412
124320
129526
135998
139957
144255
147464
153373
159177
165142
172093
177764
182871
189030
193636
198791
202097
205456
208121
214241
217486
221492
223695
230205
233660
240270
244381
250286
255203
259204
262213
268314
273272
278832
282286
288593
292149
297162
301311
307088
310344
317764
321817
326127
328777
334194
337040
344700
348804
356971
360372
367733
373792
381468
385368
394977
398569
