6245
9453
13508
17165
21471
25074
29833
33440
37642
40694
44851
47664
51327
54120
59029
62282
66688
69394
73899
76307
80008
82461
86165
88922
92927
95529
98230
100334
105742
109448
115558
118719
123077
126280
131988
135240
140414
143472
149773
153079
161587
165093
171452
173955
178663
180416
185922
190330
196839
200443
205248
208057
213482
215731
228799
236061
242173
246074
256014
260364
268724
272588
278592
283099
289456
294259
300168
303572
309631
313242
319144
322200
328119
331824
338579
342133
