5318
9279
15603
18897
24007
26507
31763
35019
39325
42178
47985
51740
56599
59753
63656
65971
70629
73432
78442
81641
86400
89703
95563
98252
104963
108468
114225
117130
126451
130157
136215
140721
145880
148896
155604
160767
168883
173185
180346
184100
190357
194814
201624
204729
208837
211939
218300
221762
229947
233804
239810
243116
248571
251270
258136
261490
267950
271353
277359
281011
288472
294881
300589
303493
308804
311153
315362
318827
323285
325007
333182
337535
345897
351007
363018
371982
390106
400623
413336
419446
451899
464921
