5388
8740
13507
17218
21971
25131
28930
32189
36194
39394
43353
45953
49860
53862
57163
60118
65716
68221
72078
74132
81790
87549
93613
97068
103122
107583
113833
116987
121851
126051
130757
133970
141424
145529
152093
155496
161952
166005
171711
176621
181425
183728
186995
189549
194254
196661
200020
202468
207422
210878
218340
225276
232464
237078
246040
251494
256552
259504
265416
269173
274780
277077
283986
287884
291940
294651
299707
303607
312820
316575
323334
327041
332945
336920
342218
344973
350292
352897
358757
362859
373078
380195
386852
390406
397464
402075
407979
411333
416289
419299
429057
432516
444382
453090
