5577
8377
11736
14536
19791
23293
29367
34420
40678
44638
48688
51702
56403
58509
63708
67772
74676
78080
81131
82889
87593
90147
96409
100111
104817
107519
111674
114833
119636
122045
125204
128758
131938
134435
140852
144401
148407
151612
157526
161789
166240
169144
174205
178356
184817
188470
194627
198935
205944
209302
215410
218659
224122
227825
233383
235888
239543
241692
246147
248700
253263
256070
260734
262930
267944
271997
279055
282107
287669
290868
296128
298391
303245
305906
315762
320218
325980
329432
334037
337546
344003
348157
351663
353969
359779
363500
