5284
9590
14159
17776
25639
29894
36952
42115
53233
56940
60896
62995
70354
74667
83048
88046
94113
97764
102818
107633
114132
117097
123245
125952
134974
139934
149140
154900
165055
171215
181728
186835
194445
198199
208565
214473
223835
229742
236052
240057
244915
249420
254276
257782
263991
266894
273855
276406
283817
288224
294331
298438
309003
314508
320367
323421
330529
334035
344617
349517
355525
360331
370445
374953
388668
394576
401638
405491
414056
418311
425370
428074
435583
441491
